0																																																																																																																																									
1
2 72	73	74	75	76	77	123	124	125	126	127	128	174	175	176	177	178	179	357	358	359	360	361	362	363	364	365	366	367	368	369	370	408	409	410	411	412	413	414	415	416	417	418	419	420	421	459	460	461	462	463	464	465	466	467	468	469	470	471	472	510	511	512	513	514	515	516	517	518	519	520	521	522	523	524	525	526	527	528	529	530	531	532	533	534	535	536	537	538	539	540	541	542	561	562	563	564	565	566	567	568	569	570	571	572	573	574	575	576	577	578	579	580	581	582	583	584	585	586	587	588	589	590	591	592	593	612	613	614	615	616	617	618	619	620	621	622	623	624	625	626	627	628	629	630	631	632	633	634	635	636	637	638	639	640	641	642	643	644	663	664	665	666	667	668	669	670	671	672	673	674	675	676	677	678	679	680	681	682	683	684	685	686	687	688	689	690	691	692	693	694	695	940	941	942	943	944	945	946	947	948	949	950	951	952	953	954	955	956	957	958	959	960	961	962	963	964	965	966	967	968	991	992	993	994	995	996	997	998	999	1000	1001	1002	1003	1004	1005	1006	1007	1008	1009	1010	1011	1012	1013	1014	1015	1016	1017	1018	1019	1042	1043	1044	1045	1046	1047	1048	1049	1050	1051	1052	1053	1054	1055	1056	1057	1058	1059	1060	1061	1062	1063	1064	1065	1066	1067	1068	1069	1070	1093	1094	1095	1096	1097	1098	1099	1100	1101	1102	1103	1104	1105	1106	1107	1108	1109	1110	1111	1112	1113	1114	1115	1116	1117	1118	1119	1120	1121	1144	1145	1146	1147	1148	1149	1150	1151	1152	1153	1154	1155	1156	1157	1158	1159	1160	1161	1162	1163	1164	1165	1166	1167	1168	1169	1170	1171	1172	1326	1327	1328	1329	1330	1331	1332	1333	1334	1335	1336	1337	1338	1339	1340	1341	1342	1343	1344	1345	1346	1347	1377	1378	1379	1380	1381	1382	1383	1384	1385	1386	1387	1388	1389	1390	1391	1392	1393	1394	1395	1396	1397	1398	1428	1429	1430	1431	1432	1433	1434	1435	1436	1437	1438	1439	1440	1441	1442	1443	1444	1445	1446	1447	1448	1449	1479	1480	1481	1482	1483	1484	1485	1486	1487	1488	1489	1490	1491	1492	1493	1494	1495	1496	1497	1498	1499	1500	1530	1531	1532	1533	1534	1535	1536	1537	1538	1539	1540	1541	1542	1543	1544	1545	1546	1547	1548	1549	1550	1551	1569	1570	1571	1572	1573	1574	1575	1576	1620	1621	1622	1623	1624	1625	1626	1627	1671	1672	1673	1674	1675	1676	1677	1678	1722	1723	1724	1725	1726	1727	1728	1729 
3
4 
5 
6 
7 
8
9 
10 
11 
12 
13 153	154	155	156	157	158	159	160	161	162	163	164	165	166	167	168	169	170	171	172	173	174	204	205	206	207	208	209	210	211	212	213	214	215	216	217	218	219	220	221	222	223	224	225	255	256	257	258	259	260	261	262	263	264	265	266	267	268	269	270	271	272	273	274	275	276	277	278	279	280	281	282	283	284	285	286	287	288	289	290	291	292	293	294	295	306	307	308	309	310	311	312	313	314	315	316	317	318	319	320	321	322	323	324	325	326	327	328	329	330	331	332	333	334	335	336	337	338	339	340	341	342	343	344	345	346	568	569	570	571	572	573	574	575	576	577	578	579	580	581	582	583	584	585	586	587	588	589	590	591	592	593	594	595	596	597	598	599	600	601	602	619	620	621	622	623	624	625	626	627	628	629	630	631	632	633	634	635	636	637	638	639	640	641	642	643	644	645	646	647	648	649	650	651	652	653	670	671	672	673	674	675	676	677	678	679	680	681	682	683	684	685	686	687	688	689	690	691	692	693	694	695	696	697	698	699	700	701	702	703	704	953	954	955	956	957	958	959	960	961	962	963	964	965	966	967	968	969	970	971	972	973	1004	1005	1006	1007	1008	1009	1010	1011	1012	1013	1014	1015	1016	1017	1018	1019	1020	1021	1022	1023	1024	1055	1056	1057	1058	1059	1060	1061	1062	1063	1064	1065	1066	1067	1068	1069	1070	1071	1072	1073	1074	1075	1076	1077	1078	1079	1080	1081	1082	1083	1084	1085	1086	1087	1088	1089	1106	1107	1108	1109	1110	1111	1112	1113	1114	1115	1116	1117	1118	1119	1120	1121	1122	1123	1124	1125	1126	1127	1128	1129	1130	1131	1132	1133	1134	1135	1136	1137	1138	1139	1140	1157	1158	1159	1160	1161	1162	1163	1164	1165	1166	1167	1168	1169	1170	1171	1172	1173	1174	1175	1176	1177	1178	1179	1180	1181	1182	1183	1184	1185	1186	1187	1188	1189	1190	1191	1208	1209	1210	1211	1212	1213	1214	1215	1216	1217	1218	1219	1220	1221	1222	1223	1537	1538	1539	1540	1541	1542	1543	1544	1545	1546	1547	1548	1549	1550	1551	1552	1553	1554	1555	1556	1557	1558	1559	1588	1589	1590	1591	1592	1593	1594	1595	1596	1597	1598	1599	1600	1601	1602	1603	1604	1605	1606	1607	1608	1609	1610	1639	1640	1641	1642	1643	1644	1645	1646	1647	1648	1649	1650	1651	1652	1653	1654	1655	1656	1657	1658	1659	1660	1661	1690	1691	1692	1693	1694	1695	1696	1697	1698	1699	1700	1701	1702	1703	1704	1705	1706	1707	1708	1709	1710	1711	1712	1713	1714	1715	1716	1717	1718	1719	1720	1721	1722	1723	1724	1725	1741	1742	1743	1744	1745	1746	1747	1748	1749	1750	1751	1752	1753	1754	1755	1756	1757	1758	1759	1760	1761	1762	1763	1764	1765	1766	1767	1768	1769	1770	1771	1772	1773	1774	1775	1776	1792	1793	1794	1795	1796	1797	1798	1799	1800	1801	1802	1803	1804	1805	1806	1807	1808	1809	1810	1811	1812	1813	1814	1815	1816	1817	1818	1819	1820	1821	1822	1823	1824	1825	1826	1827
14 
15 
16 
17 
18 176	177	178	179	180	181	182	183	184	185	186	187	188	189	190	191	192	193	194	195	196	197	198	199	200	201	202	203	227	228	229	230	231	232	233	234	235	236	237	238	239	240	241	242	243	244	245	246	247	248	249	250	251	252	253	254	260	261	262	263	264	265	266	267	268	269	270	271	272	273	274	275	276	277	278	279	280	281	282	283	284	285	286	287	288	289	290	291	292	293	294	295	296	297	298	299	300	301	302	303	304	305	311	312	313	314	315	316	317	318	319	320	321	322	323	324	325	326	327	328	329	330	331	332	333	334	335	336	337	338	339	340	341	342	343	344	345	346	347	348	349	350	351	352	353	354	355	356	588	589	590	591	592	593	594	595	596	597	598	599	600	601	602	603	604	605	606	607	608	609	610	611	639	640	641	642	643	644	645	646	647	648	649	650	651	652	653	654	655	656	657	658	659	660	661	662	690	691	692	693	694	695	696	697	698	699	700	701	702	703	704	705	706	707	708	709	710	711	712	713	741	742	743	744	745	746	747	748	749	750	751	752	753	754	755	756	757	758	759	760	761	762	763	764	792	793	794	795	796	797	798	799	800	801	802	803	804	805	806	807	808	809	810	811	812	813	814	815	817	818	819	820	821	822	823	824	825	826	827	828	829	830	831	832	833	834	835	836	868	869	870	871	872	873	874	875	876	877	878	879	880	881	882	883	884	885	886	887	919	920	921	922	923	924	925	926	927	928	929	930	931	932	933	934	935	936	937	938	970	971	972	973	974	975	976	977	978	979	980	981	982	983	984	985	986	987	988	989	1021	1022	1023	1024	1025	1026	1027	1028	1029	1030	1031	1032	1033	1034	1035	1036	1037	1038	1039	1040	1072	1073	1074	1075	1076	1077	1078	1079	1080	1081	1082	1083	1084	1085	1086	1087	1088	1089	1090	1091	1123	1124	1125	1126	1127	1128	1129	1130	1131	1132	1133	1134	1135	1136	1137	1138	1139	1140	1141	1142	1457	1458	1459	1460	1461	1462	1463	1464	1465	1466	1467	1468	1469	1470	1471	1472	1473	1474	1475	1476	1508	1509	1510	1511	1512	1513	1514	1515	1516	1517	1518	1519	1520	1521	1522	1523	1524	1525	1526	1527	1559	1560	1561	1562	1563	1564	1565	1566	1567	1568	1569	1570	1571	1572	1573	1574	1575	1576	1577	1578	1610	1611	1612	1613	1614	1615	1616	1617	1618	1619	1620	1621	1622	1623	1624	1625	1626	1627	1628	1629	1661	1662	1663	1664	1665	1666	1667	1668	1669	1670	1671	1672	1673	1674	1675	1676	1677	1678	1679	1680	1712	1713	1714	1715	1716	1717	1718	1719	1720	1721	1722	1723	1724	1725	1726	1727	1728	1729	1730	1731	1763	1764	1765	1766	1767	1768	1769	1770	1771	1772	1773	1774	1775	1776	1777	1778	1779	1780	1781	1782	1814	1815	1816	1817	1818	1819	1820	1821	1822	1823	1824	1825	1826	1827	1828	1829	1830	1831	1832	1833
19																																																																																																																																									
20																																																																																																																																									
21																																																																																																																																									
22 54	55	56	57	58	59	105	106	107	108	109	110	156	157	158	159	160	161	207	208	209	210	211	212	258	259	260	261	262	263	309	310	311	312	313	314	360	361	362	363	364	365	411	412	413	414	415	416	462	463	464	465	466	467	513	514	515	516	517	518	827	828	829	830	831	832	833	834	835	836	837	838	839	840	841	842	843	844	845	846	847	848	849	850	851	878	879	880	881	882	883	884	885	886	887	888	889	890	891	892	893	894	895	896	897	898	899	900	901	902	929	930	931	932	933	934	935	936	937	938	939	940	941	942	943	944	945	946	947	948	949	950	951	952	953	980	981	982	983	984	985	986	987	988	989	990	991	992	993	994	995	996	997	998	999	1000	1001	1002	1003	1004	1199	1200	1201	1202	1203	1204	1205	1206	1207	1208	1209	1210	1211	1212	1213	1214	1215	1216	1217	1218	1219	1220	1221	1222	1223	1250	1251	1252	1253	1254	1255	1256	1257	1258	1259	1260	1261	1262	1263	1264	1265	1266	1267	1268	1269	1270	1271	1272	1273	1274	1301	1302	1303	1304	1305	1306	1307	1308	1309	1310	1311	1312	1313	1314	1315	1316	1317	1318	1319	1320	1321	1322	1323	1324	1325	1352	1353	1354	1355	1356	1357	1358	1359	1360	1361	1362	1363	1364	1365	1366	1367	1368	1369	1370	1371	1372	1373	1374	1375	1376	1581	1582	1583	1584	1585	1586	1587	1588	1589	1590	1591	1592	1593	1594	1595	1596	1597	1598	1599	1600	1601	1602	1603	1604	1605	1606	1607	1632	1633	1634	1635	1636	1637	1638	1639	1640	1641	1642	1643	1644	1645	1646	1647	1648	1649	1650	1651	1652	1653	1654	1655	1656	1657	1658	1683	1684	1685	1686	1687	1688	1689	1690	1691	1692	1693	1694	1695	1696	1697	1698	1699	1700	1701	1702	1703	1704	1705	1706	1707	1708	1709	1734	1735	1736	1737	1738	1739	1740	1741	1742	1743	1744	1745	1746	1747	1748	1749	1750	1751	1752	1753	1754	1755	1756	1757	1758	1759	1760	1785	1786	1787	1788	1789	1790	1791	1792	1793	1794	1795	1796	1797	1798	1799	1800	1801	1802	1803	1804	1805	1806	1807	1808	1809	1810	1811
23
24
25
26	8	9	10	11	12	13	14	15	16	17	18	19	20	21	22	23	24	25	26	27	28	29	30	31	32	33	34	35	59	60	61	62	63	64	65	66	67	68	69	70	71	72	73	74	75	76	77	78	79	80	81	82	83	84	85	86	110	111	112	113	114	115	116	117	118	119	120	121	122	123	124	125	126	127	128	129	130	131	132	133	134	135	136	137	161	162	163	164	165	166	167	168	169	170	171	172	173	174	175	176	177	178	179	180	181	182	183	184	185	186	187	188	204	205	206	207	208	209	210	211	212	213	214	215	216	217	218	219	220	255	256	257	258	259	260	261	262	263	264	265	266	267	268	269	270	271	306	307	308	309	310	311	312	313	314	315	316	317	318	319	320	321	322	357	358	359	360	361	362	363	364	365	366	367	368	369	370	371	372	373	695	696	697	698	699	700	701	702	703	704	705	706	707	708	709	710	711	712	713	746	747	748	749	750	751	752	753	754	755	756	757	758	759	760	761	762	763	764	797	798	799	800	801	802	803	804	805	806	807	808	809	810	811	812	813	814	815	848	849	850	851	852	853	854	855	856	857	858	859	860	861	862	863	864	865	866	879	880	881	882	883	884	885	886	887	888	889	890	891	892	893	894	895	896	897	898	899	900	901	902	903	904	930	931	932	933	934	935	936	937	938	939	940	941	942	943	944	945	946	947	948	949	950	951	952	953	954	955	981	982	983	984	985	986	987	988	989	990	991	992	993	994	995	996	997	998	999	1000	1001	1002	1003	1004	1005	1006	1032	1033	1034	1035	1036	1037	1038	1039	1040	1041	1042	1043	1044	1045	1046	1047	1048	1049	1050	1051	1052	1053	1054	1055	1056	1057	1326	1327	1328	1329	1330	1331	1332	1333	1334	1335	1336	1337	1338	1339	1340	1341	1342	1343	1344	1345	1346	1347	1348	1349	1350	1351	1377	1378	1379	1380	1381	1382	1383	1384	1385	1386	1387	1388	1389	1390	1391	1392	1393	1394	1395	1396	1397	1398	1399	1400	1401	1402	1428	1429	1430	1431	1432	1433	1434	1435	1436	1437	1438	1439	1440	1441	1442	1443	1444	1445	1446	1447	1448	1449	1450	1451	1452	1453	1479	1480	1481	1482	1483	1484	1485	1486	1487	1488	1489	1490	1491	1492	1493	1494	1495	1496	1497	1498	1499	1500	1501	1502	1503	1504	1505	1506	1507	1508	1509	1510	1511	1512	1513	1514	1515	1516	1517	1518	1530	1531	1532	1533	1534	1535	1536	1537	1538	1539	1540	1541	1542	1543	1544	1545	1546	1547	1548	1549	1550	1551	1552	1553	1554	1555	1556	1557	1558	1559	1560	1561	1562	1563	1564	1565	1566	1567	1568	1569
27
28	38	39	40	41	42	43	44	45	46	47	48	49	50	89	90	91	92	93	94	95	96	97	98	99	100	101	140	141	142	143	144	145	146	147	148	149	150	151	152	191	192	193	194	195	196	197	198	199	200	201	202	203	331	332	333	334	335	336	337	338	339	340	341	342	343	344	345	346	347	348	349	350	351	352	353	354	355	356	382	383	384	385	386	387	388	389	390	391	392	393	394	395	396	397	398	399	400	401	402	403	404	405	406	407	433	434	435	436	437	438	439	440	441	442	443	444	445	446	447	448	449	450	451	452	453	454	455	456	457	458	484	485	486	487	488	489	490	491	492	493	494	495	496	497	498	499	500	501	502	503	504	505	506	507	508	509	511	512	513	514	515	516	517	518	519	520	521	522	523	524	525	535	536	537	538	539	540	541	542	543	544	545	546	547	548	549	550	551	552	553	554	555	556	557	558	559	560	562	563	564	565	566	567	568	569	570	571	572	573	574	575	576	613	614	615	616	617	618	619	620	621	622	623	624	625	626	627	664	665	666	667	668	669	670	671	672	673	674	675	676	677	678	715	716	717	718	719	720	721	722	723	724	725	726	727	728	729	766	767	768	769	770	771	772	773	774	775	776	777	778	779	780	1244	1245	1246	1247	1248	1249	1250	1251	1252	1253	1254	1255	1256	1257	1258	1259	1260	1261	1262	1263	1264	1265	1266	1267	1268	1269	1270	1295	1296	1297	1298	1299	1300	1301	1302	1303	1304	1305	1306	1307	1308	1309	1310	1311	1312	1313	1314	1315	1316	1317	1318	1319	1320	1321	1346	1347	1348	1349	1350	1351	1352	1353	1354	1355	1356	1357	1358	1359	1360	1361	1362	1363	1364	1365	1366	1367	1368	1369	1370	1371	1372	1397	1398	1399	1400	1401	1402	1403	1404	1405	1406	1407	1408	1409	1410	1411	1412	1413	1414	1415	1416	1417	1418	1419	1420	1421	1422	1423	1448	1449	1450	1451	1452	1453	1454	1455	1456	1457	1458	1459	1460	1461	1462	1463	1464	1465	1466	1467	1468	1469	1470	1471	1472	1473	1474	1499	1500	1501	1502	1503	1504	1505	1506	1507	1508	1509	1510	1511	1512	1513	1514	1515	1516	1517	1518	1519	1520	1521	1522	1523	1524	1525	1550	1551	1552	1553	1554	1555	1556	1557	1558	1559	1560	1561	1562	1563	1564	1565	1566	1567	1568	1569	1570	1571	1572	1573	1574	1575	1576	1601	1602	1603	1604	1605	1606	1607	1608	1609	1610	1611	1612	1613	1614	1615	1616	1617	1618	1619	1620	1621	1622	1623	1624	1625	1626	1627	1652	1653	1654	1655	1656	1657	1658	1659	1660	1661	1662	1663	1664	1665	1666	1667	1668	1669	1670	1671	1672	1673	1674	1675	1676	1677	1678
29
30
31	6	7	8	9	10	11	57	58	59	60	61	62	108	109	110	111	112	113	125	126	127	128	129	130	131	132	133	134	135	136	137	138	139	140	141	142	143	144	145	146	147	148	149	159	160	161	162	163	164	176	177	178	179	180	181	182	183	184	185	186	187	188	189	190	191	192	193	194	195	196	197	198	199	200	210	211	212	213	214	215	227	228	229	230	231	232	233	234	235	236	237	238	239	240	241	242	243	244	245	246	247	248	249	250	251	261	262	263	264	265	266	278	279	280	281	282	283	284	285	286	287	288	289	290	291	292	293	294	295	296	297	298	299	300	301	302	312	313	314	315	316	317	329	330	331	332	333	334	335	336	337	338	339	340	341	342	343	344	345	346	347	348	349	350	351	352	353	363	364	365	366	367	368	380	381	382	383	384	385	386	387	388	389	390	391	392	393	394	395	396	397	398	399	400	401	402	403	404	414	415	416	417	418	419	431	432	433	434	435	436	437	438	439	440	441	442	443	444	445	446	447	448	449	450	451	452	453	454	455	465	466	467	468	469	470	516	517	518	519	520	521	567	568	569	570	571	572	618	619	620	621	622	623	669	670	671	672	673	674	720	721	722	723	724	725	771	772	773	774	775	776	779	780	781	782	783	784	785	786	822	823	824	825	826	827	830	831	832	833	834	835	836	837	873	874	875	876	877	878	881	882	883	884	885	886	887	888	924	925	926	927	928	929	975	976	977	978	979	980	1026	1027	1028	1029	1030	1031	1396	1397	1398	1399	1400	1401	1402	1403	1404	1405	1406	1407	1408	1409	1410	1411	1412	1413	1414	1415	1416	1417	1418	1419	1420	1447	1448	1449	1450	1451	1452	1453	1454	1455	1456	1457	1458	1459	1460	1461	1462	1463	1464	1465	1466	1467	1468	1469	1470	1471	1498	1499	1500	1501	1502	1503	1504	1505	1506	1507	1508	1509	1510	1511	1512	1513	1514	1515	1516	1517	1518	1519	1520	1521	1522	1549	1550	1551	1552	1553	1554	1555	1556	1557	1558	1559	1560	1561	1562	1563	1564	1565	1566	1567	1568	1569	1570	1571	1572	1573	1600	1601	1602	1603	1604	1605	1606	1607	1608	1609	1610	1611	1612	1613	1614	1615	1616	1617	1618	1619	1620	1621	1622	1623	1624	1651	1652	1653	1654	1655	1656	1657	1658	1659	1660	1661	1662	1663	1664	1665	1666	1667	1668	1669	1670	1671	1672	1673	1674	1675
32																																																																																																																																									
33																																																																																																																																									
34																																																																																																																																									
35																																																																																																																																									
36																																																																																																																																									
37	12	13	14	15	16	17	18	19	20	21	22	23	24	63	64	65	66	67	68	69	70	71	72	73	74	75	114	115	116	117	118	119	120	121	122	123	124	125	126	165	166	167	168	169	170	171	172	173	174	175	176	177	216	217	218	219	220	221	222	223	224	225	226	227	228	338	339	340	341	342	343	344	345	346	347	348	349	350	351	352	353	354	355	356	389	390	391	392	393	394	395	396	397	398	399	400	401	402	403	404	405	406	407	440	441	442	443	444	445	446	447	448	449	450	451	452	453	454	455	456	457	458	491	492	493	494	495	496	497	498	499	500	501	502	503	504	505	506	507	508	509	715	716	717	718	719	720	721	722	723	724	725	726	727	728	729	730	731	732	733	766	767	768	769	770	771	772	773	774	775	776	777	778	779	780	781	782	783	784	817	818	819	820	821	822	823	824	825	826	827	828	829	830	831	832	833	834	835	836	837	838	839	840	841	842	843	844	845	846	847	848	849	850	851	852	853	854	855	868	869	870	871	872	873	874	875	876	877	878	879	880	881	882	883	884	885	886	887	888	889	890	891	892	893	894	895	896	897	898	899	900	901	902	903	904	905	906	919	920	921	922	923	924	925	926	927	928	929	930	931	932	933	934	935	936	937	938	939	940	941	942	943	944	945	946	947	948	949	950	951	952	953	954	955	956	957	1240	1241	1242	1243	1244	1245	1246	1247	1248	1249	1250	1251	1252	1253	1254	1255	1256	1257	1258	1259	1260	1261	1262	1263	1264	1265	1266	1267	1268	1269	1270	1291	1292	1293	1294	1295	1296	1297	1298	1299	1300	1301	1302	1303	1304	1305	1306	1307	1308	1309	1310	1311	1312	1313	1314	1315	1316	1317	1318	1319	1320	1321	1342	1343	1344	1345	1346	1347	1348	1349	1350	1351	1352	1353	1354	1355	1356	1357	1358	1359	1360	1361	1362	1363	1364	1365	1366	1367	1368	1369	1370	1371	1372	1393	1394	1395	1396	1397	1398	1399	1400	1401	1402	1403	1404	1405	1406	1407	1408	1409	1410	1411	1412	1413	1414	1415	1416	1417	1418	1419	1420	1421	1422	1423	1444	1445	1446	1447	1448	1449	1450	1451	1452	1453	1454	1455	1456	1457	1458	1459	1460	1461	1462	1463	1464	1465	1466	1467	1468	1469	1470	1471	1472	1473	1474	1495	1496	1497	1498	1499	1500	1501	1502	1503	1504	1505	1506	1507	1508	1509	1510	1511	1512	1513	1514	1515	1516	1517	1518	1519	1520	1521	1522	1523	1524	1525
38																																																																																																																																									
39																																																																																																																																									
40																																																																																																																																									
41	0	1	2	3	4	51	52	53	54	55	102	103	104	105	106	139	140	141	142	143	144	145	146	147	190	191	192	193	194	195	196	197	198	241	242	243	244	245	246	247	248	249	292	293	294	295	296	297	298	299	300	314	315	316	317	318	319	320	321	322	323	324	325	365	366	367	368	369	370	371	372	373	374	375	376	416	417	418	419	420	421	422	423	424	425	426	427	467	468	469	470	471	472	473	474	475	476	477	478	479	480	481	482	483	484	485	486	487	488	489	518	519	520	521	522	523	524	525	526	527	528	529	530	531	532	533	534	535	536	537	538	539	540	569	570	571	572	573	574	575	576	577	578	579	580	581	582	583	584	585	586	587	588	589	590	591	719	720	721	722	723	724	725	726	727	728	729	730	731	732	733	734	735	736	737	738	739	740	741	742	743	744	745	746	747	748	749	770	771	772	773	774	775	776	777	778	779	780	781	782	783	784	785	786	787	788	789	790	791	792	793	794	795	796	797	798	799	800	1097	1098	1099	1100	1101	1102	1103	1104	1105	1106	1107	1108	1109	1110	1111	1112	1113	1114	1115	1116	1117	1118	1119	1120	1121	1148	1149	1150	1151	1152	1153	1154	1155	1156	1157	1158	1159	1160	1161	1162	1163	1164	1165	1166	1167	1168	1169	1170	1171	1172	1199	1200	1201	1202	1203	1204	1205	1206	1207	1208	1209	1210	1211	1212	1213	1214	1215	1216	1217	1218	1219	1220	1221	1222	1223	1250	1251	1252	1253	1254	1255	1256	1257	1258	1259	1260	1261	1262	1263	1264	1265	1266	1267	1268	1269	1270	1271	1272	1273	1274	1632	1633	1634	1635	1636	1637	1638	1639	1640	1641	1642	1643	1644	1645	1646	1647	1648	1649	1650	1651	1652	1653	1654	1655	1656	1657	1683	1684	1685	1686	1687	1688	1689	1690	1691	1692	1693	1694	1695	1696	1697	1698	1699	1700	1701	1702	1703	1704	1705	1706	1707	1708	1734	1735	1736	1737	1738	1739	1740	1741	1742	1743	1744	1745	1746	1747	1748	1749	1750	1751	1752	1753	1754	1755	1756	1757	1758	1759	1785	1786	1787	1788	1789	1790	1791	1792	1793	1794	1795	1796	1797	1798	1799	1800	1801	1802	1803	1804	1805	1806	1807	1808	1809	1810
38 	360	361	362	363	364	365	366	367	368	369	370	371	372	373	374	375	376	377	378	379	380	411	412	413	414	415	416	417	418	419	420	421	422	423	424	425	426	427	428	429	430	431	462	463	464	465	466	467	468	469	470	471	472	473	474	475	476	477	478	479	480	481	482	513	514	515	516	517	518	519	520	521	522	523	524	525	526	527	528	529	530	531	532	533	564	565	566	567	568	569	570	571	572	573	574	575	576	577	578	579	580	581	582	583	584	615	616	617	618	619	620	621	622	623	624	625	626	627	628	629	630	631	632	633	634	635	876	877	878	879	880	881	882	883	884	885	886	887	888	889	890	891	892	893	894	895	927	928	929	930	931	932	933	934	935	936	937	938	939	940	941	942	943	944	945	946	978	979	980	981	982	983	984	985	986	987	988	989	990	991	992	993	994	995	996	997	1029	1030	1031	1032	1033	1034	1035	1036	1037	1038	1039	1040	1041	1042	1043	1044	1045	1046	1047	1048	1080	1081	1082	1083	1084	1085	1086	1087	1088	1089	1090	1091	1092	1093	1094	1095	1096	1097	1098	1099	1131	1132	1133	1134	1135	1136	1137	1138	1139	1140	1141	1142	1143	1144	1145	1142																																																																																																																																									
43																																																																																																																																									
44																																																																																																																																									
45																																																																																																																																									
46																																																																																																																																									
47	1147	1148	1149	1150	1207	1208	1209	1210	1211	1212	1213	1214	1215	1216	1217	1218	1219	1220	1258	1259	1260	1261	1262	1263	1264	1265	1266	1267	1268	1269	1270	1271	1309	1310	1311	1312	1313	1314	1315	1316	1317	1318	1319	1320	1321	1322	1360	1361	1362	1363	1364	1365	1366	1367	1368	1369	1370	1371	1372	1373	1411	1412	1413	1414	1415	1416	1417	1418	1419	1420	1421	1422	1423	1424	1462	1463	1464	1465	1466	1467	1468	1469	1470	1471	1472	1473	1474	1475	1513	1514	1515	1516	1517	1518	1519	1520	1521	1522	1523	1524	1525	1526
48																																																																																																																																									
49																																																																																																																																									
50																																																																																																																																									
51																																																																																																																																									
52																																																																																																																																									
53 	87	88	89	90	91	92	93	94	95	96	97	98	99	138	139	140	141	142	143	144	145	146	147	148	149	150	189	190	191	192	193	194	195	196	197	198	199	200	201	240	241	242	243	244	245	246	247	248	249	250	251	252	255	256	257	258	259	260	261	262	263	264	265	266	267	268	269	270	271	291	292	293	294	295	296	297	298	299	300	301	302	303	306	307	308	309	310	311	312	313	314	315	316	317	318	319	320	321	322	342	343	344	345	346	347	348	349	350	351	352	353	354	357	358	359	360	361	362	363	364	365	366	367	368	369	370	371	372	373	408	409	410	411	412	413	414	415	416	417	418	419	420	421	422	423	424	459	460	461	462	463	464	465	466	467	468	469	470	471	472	473	474	475	769	770	771	772	773	774	775	776	777	778	779	780	781	782	783	784	785	786	787	788	789	790	791	792	793	820	821	822	823	824	825	826	827	828	829	830	831	832	833	834	835	836	837	838	839	840	841	842	843	844	871	872	873	874	875	876	877	878	879	880	881	882	883	884	885	886	887	888	889	890	891	892	893	894	895	922	923	924	925	926	927	928	929	930	931	932	933	934	935	936	937	938	939	940	941	942	943	944	945	946	973	974	975	976	977	978	979	980	981	982	983	984	985	986	987	988	989	990	991	992	993	994	995	996	997	1504	1505	1506	1507	1508	1509	1510	1511	1512	1513	1514	1515	1516	1517	1518	1519	1555	1556	1557	1558	1559	1560	1561	1562	1563	1564	1565	1566	1567	1568	1569	1570	1606	1607	1608	1609	1610	1611	1612	1613	1614	1615	1616	1617	1618	1619	1620	1621	1657	1658	1659	1660	1661	1662	1663	1664	1665	1666	1667	1668	1669	1670	1671	1672	1708	1709	1710	1711	1712	1713	1714	1715	1716	1717	1718	1719	1720	1721	1722	1723
54																																																																																																																																									
55																																																																																																																																									
56																																																																																																																																									
57																																																																																																																																									
58 	4	5	6	7	55	56	57	58	106	107	108	109	157	158	159	160	212	213	214	215	263	264	265	266	314	315	316	317	365	366	367	368	420	421	422	423	436	437	438	439	471	472	473	474	487	488	489	490	522	523	524	525	538	539	540	541	573	574	575	576	589	590	591	592	628	629	630	631	636	637	638	639	679	680	681	682	687	688	689	690	730	731	732	733	738	739	740	741	781	782	783	784	789	790	791	792	836	837	838	839	887	888	889	890	938	939	940	941	989	990	991	992	1036	1037	1038	1039	1044	1045	1046	1047	1087	1088	1089	1090	1095	1096	1097	1098	1138	1139	1140	1141	1146	1147	1148	1149	1189	1190	1191	1192	1197	1198	1199	1200	1236	1237	1238	1239	1252	1253	1254	1255	1287	1288	1289	1290	1303	1304	1305	1306	1338	1339	1340	1341	1354	1355	1356	1357	1389	1390	1391	1392	1405	1406	1407	1408	1460	1461	1462	1463	1511	1512	1513	1514	1562	1563	1564	1565	1613	1614	1615	1616	1668	1669	1670	1671	1719	1720	1721	1722	1770	1771	1772	1773	1821	1822	1823	1824
59																																																																																																																																									
60																																																																																																																																									
61																																																																																																																																									
62 	84	85	86	87	88	89	90	91	92	93	94	95	96	97	98	99	135	136	137	138	139	140	141	142	143	144	145	146	147	148	149	150	186	187	188	189	190	191	192	193	194	195	196	197	198	199	200	201	237	238	239	240	241	242	243	244	245	246	247	248	249	250	251	252	288	289	290	291	292	293	294	295	296	297	298	299	300	301	302	303	339	340	341	342	343	344	345	346	347	348	349	350	351	352	353	354	411	412	413	414	415	416	417	418	419	420	421	422	423	424	425	426	427	428	429	430	431	462	463	464	465	466	467	468	469	470	471	472	473	474	475	476	477	478	479	480	481	482	513	514	515	516	517	518	519	520	521	522	523	524	525	526	527	528	529	530	531	532	533	564	565	566	567	568	569	570	571	572	573	574	575	576	577	578	579	580	581	582	583	584	615	616	617	618	619	620	621	622	623	624	625	626	627	628	629	630	631	632	633	634	635	666	667	668	669	670	671	672	673	674	675	676	677	678	679	680	681	682	683	684	685	686	717	718	719	720	721	722	723	724	725	726	727	728	729	730	731	732	733	734	735	736	737	1096	1097	1098	1099	1100	1101	1102	1103	1104	1105	1106	1107	1108	1109	1110	1111	1112	1113	1114	1115	1116	1117	1147	1148	1149	1150	1151	1152	1153	1154	1155	1156	1157	1158	1159	1160	1161	1162	1163	1164	1165	1166	1167	1168	1198	1199	1200	1201	1202	1203	1204	1205	1206	1207	1208	1209	1210	1211	1212	1213	1214	1215	1216	1217	1218	1219	1249	1250	1251	1252	1253	1254	1255	1256	1257	1258	1259	1260	1261	1262	1263	1264	1265	1266	1267	1268	1269	1270	1300	1301	1302	1303	1304	1305	1306	1307	1308	1309	1310	1311	1312	1313	1314	1315	1316	1317	1318	1319	1320	1321	1351	1352	1353	1354	1355	1356	1357	1358	1359	1360	1361	1362	1363	1364	1365	1366	1367	1368	1369	1370	1371	1372	1402	1403	1404	1405	1406	1407	1408	1409	1410	1411	1412	1413	1414	1415	1416	1417	1418	1419	1420	1421	1422	1423
63 	15	16	17	18	19	20	21	22	23	24	25	26	27	28	66	67	68	69	70	71	72	73	74	75	76	77	78	79	117	118	119	120	121	122	123	124	125	126	127	128	129	130	168	169	170	171	172	173	174	175	176	177	178	179	180	181	219	220	221	222	223	224	225	226	227	228	229	230	231	232	270	271	272	273	274	275	276	277	278	279	280	281	282	283	667	668	669	670	671	672	673	674	718	719	720	721	722	723	724	725	769	770	771	772	773	774	775	776	791	792	793	794	795	796	797	798	799	800	801	802	803	804	820	821	822	823	824	825	826	827	842	843	844	845	846	847	848	849	850	851	852	853	854	855	871	872	873	874	875	876	877	878	893	894	895	896	897	898	899	900	901	902	903	904	905	906	922	923	924	925	926	927	928	929	944	945	946	947	948	949	950	951	952	953	954	955	956	957	973	974	975	976	977	978	979	980	995	996	997	998	999	1000	1001	1002	1003	1004	1005	1006	1007	1008	1024	1025	1026	1027	1028	1029	1030	1031	1075	1076	1077	1078	1079	1080	1081	1082	1126	1127	1128	1129	1130	1131	1132	1133	1177	1178	1179	1180	1181	1182	1183	1184	1632	1633	1634	1635	1636	1637	1638	1639	1640	1641	1642	1643	1644	1645	1646	1647	1648	1649	1650	1683	1684	1685	1686	1687	1688	1689	1690	1691	1692	1693	1694	1695	1696	1697	1698	1699	1700	1701	1734	1735	1736	1737	1738	1739	1740	1741	1742	1743	1744	1745	1746	1747	1748	1749	1750	1751	1752	1785	1786	1787	1788	1789	1790	1791	1792	1793	1794	1795	1796	1797	1798	1799	1800	1801	1802	1803
64																																																																																																																																									
65																																																																																																																																									
66 	31	32	33	34	35	36	37	38	39	40	41	42	43	44	45	46	47	48	49	50	82	83	84	85	86	87	88	89	90	91	92	93	94	95	96	97	98	99	100	101	133	134	135	136	137	138	139	140	141	142	143	144	145	146	147	148	149	150	151	152	184	185	186	187	188	189	190	191	192	193	194	195	196	197	198	199	200	201	202	203	420	421	422	423	424	425	426	427	428	429	430	431	432	433	434	435	436	437	438	471	472	473	474	475	476	477	478	479	480	481	482	483	484	485	486	487	488	489	522	523	524	525	526	527	528	529	530	531	532	533	534	535	536	537	538	539	540	573	574	575	576	577	578	579	580	581	582	583	584	585	586	587	588	589	590	591	592	593	594	595	596	597	598	599	600	601	602	603	604	605	606	624	625	626	627	628	629	630	631	632	633	634	635	636	637	638	639	640	641	642	643	644	645	646	647	648	649	650	651	652	653	654	655	656	657	675	676	677	678	679	680	681	682	683	684	685	686	687	688	689	690	691	692	693	694	695	696	697	698	699	700	701	702	703	704	705	706	707	708	1381	1382	1383	1384	1385	1386	1387	1388	1389	1390	1391	1392	1393	1394	1395	1396	1397	1398	1399	1400	1401	1402	1403	1404	1405	1406	1407	1408	1409	1410	1411	1432	1433	1434	1435	1436	1437	1438	1439	1440	1441	1442	1443	1444	1445	1446	1447	1448	1449	1450	1451	1452	1453	1454	1455	1456	1457	1458	1459	1460	1461	1462	1483	1484	1485	1486	1487	1488	1489	1490	1491	1492	1493	1494	1495	1496	1497	1498	1499	1500	1501	1502	1503	1504	1505	1506	1507	1508	1509	1510	1511	1512	1513	1534	1535	1536	1537	1538	1539	1540	1541	1542	1543	1544	1545	1546	1547	1548	1549	1550	1551	1552	1553	1554	1555	1556	1557	1558	1559	1560	1561	1562	1563	1564
67																																																																																																																																									
68																																																																																																																																									
69 	311	312	313	314	315	316	317	318	319	320	321	322	323	362	363	364	365	366	367	368	369	370	371	372	373	374	413	414	415	416	417	418	419	420	421	422	423	424	425	464	465	466	467	468	469	470	471	472	473	474	475	476	515	516	517	518	519	520	521	522	523	524	525	526	527	689	690	691	692	693	694	695	696	697	698	699	700	701	702	703	704	705	740	741	742	743	744	745	746	747	748	749	750	751	752	753	754	755	756	791	792	793	794	795	796	797	798	799	800	801	802	803	804	805	806	807	842	843	844	845	846	847	848	849	850	851	852	853	854	855	856	857	858	893	894	895	896	897	898	899	900	901	902	903	904	905	906	907	908	909	944	945	946	947	948	949	950	951	952	953	954	955	956	957	958	959	960	995	996	997	998	999	1000	1001	1002	1003	1004	1005	1006	1007	1008	1009	1010	1011	1428	1429	1430	1431	1432	1433	1434	1435	1436	1437	1438	1439	1440	1441	1442	1443	1444	1445	1446	1479	1480	1481	1482	1483	1484	1485	1486	1487	1488	1489	1490	1491	1492	1493	1494	1495	1496	1497	1530	1531	1532	1533	1534	1535	1536	1537	1538	1539	1540	1541	1542	1543	1544	1545	1546	1547	1548	1581	1582	1583	1584	1585	1586	1587	1588	1589	1590	1591	1592	1593	1594	1595	1596	1597	1598	1599	1666	1667	1668	1669	1670	1671	1672	1673	1674	1675	1676	1677	1678	1679	1680	1681	1682	1717	1718	1719	1720	1721	1722	1723	1724	1725	1726	1727	1728	1729	1730	1731	1732	1733	1768	1769	1770	1771	1772	1773	1774	1775	1776	1777	1778	1779	1780	1781	1782	1783	1784	1819	1820	1821	1822	1823	1824	1825	1826	1827	1828	1829	1830	1831	1832	1833	1834	1835
70																																																																																																																																									
71	103	104	105	106	107	108	109	110	111	112	113	114	115	116	117	118	119	120	121	154	155	156	157	158	159	160	161	162	163	164	165	166	167	168	169	170	171	172	205	206	207	208	209	210	211	212	213	214	215	216	217	218	219	220	221	222	223	256	257	258	259	260	261	262	263	264	265	266	267	268	269	270	271	272	273	274	438	439	440	441	442	443	444	445	446	447	448	449	450	451	489	490	491	492	493	494	495	496	497	498	499	500	501	502	540	541	542	543	544	545	546	547	548	549	550	551	552	553	591	592	593	594	595	596	597	598	599	600	601	602	603	604	926	927	928	929	930	931	932	933	934	935	936	937	938	939	940	977	978	979	980	981	982	983	984	985	986	987	988	989	990	991	1028	1029	1030	1031	1032	1033	1034	1035	1036	1037	1038	1039	1040	1041	1042	1079	1080	1081	1082	1083	1084	1085	1086	1087	1088	1089	1090	1091	1092	1093	1130	1131	1132	1133	1134	1135	1136	1137	1138	1139	1140	1141	1142	1143	1144	1463	1464	1465	1466	1467	1468	1469	1470	1471	1472	1473	1474	1514	1515	1516	1517	1518	1519	1520	1521	1522	1523	1524	1525	1565	1566	1567	1568	1569	1570	1571	1572	1573	1574	1575	1576	1616	1617	1618	1619	1620	1621	1622	1623	1624	1625	1626	1627	1667	1668	1669	1670	1671	1672	1673	1674	1675	1676	1677	1678	1718	1719	1720	1721	1722	1723	1724	1725	1726	1727	1728	1729
72																																																																																																																																									
73																																																																																																																																									
74	204	205	206	207	208	209	210	211	212	213	214	215	216	217	218	219	220	221	255	256	257	258	259	260	261	262	263	264	265	266	267	268	269	270	271	272	306	307	308	309	310	311	312	313	314	315	316	317	318	319	320	321	322	323	577	578	579	580	581	582	583	584	585	586	587	588	589	590	591	592	593	594	595	596	597	598	599	600	601	602	603	604	605	606	628	629	630	631	632	633	634	635	636	637	638	639	640	641	642	643	644	645	646	647	648	649	650	651	652	653	654	655	656	657	679	680	681	682	683	684	685	686	687	688	689	690	691	692	693	694	695	696	697	698	699	700	701	702	703	704	705	706	707	708	1173	1174	1175	1176	1177	1178	1179	1180	1181	1182	1183	1184	1185	1186	1187	1224	1225	1226	1227	1228	1229	1230	1231	1232	1233	1234	1235	1236	1237	1238	1275	1276	1277	1278	1279	1280	1281	1282	1283	1284	1285	1286	1287	1288	1289	1326	1327	1328	1329	1330	1331	1332	1333	1334	1335	1336	1337	1338	1339	1340	1413	1414	1415	1416	1417	1418	1419	1420	1464	1465	1466	1467	1468	1469	1470	1471	1515	1516	1517	1518	1519	1520	1521	1522
75																																																																																																																																									
76																																																																																																																																									
77																																																																																																																																									
78 	227	228	229	230	231	232	233	234	235	236	237	238	239	240	241	242	243	244	245	246	247	248	249	278	279	280	281	282	283	284	285	286	287	288	289	290	291	292	293	294	295	296	297	298	299	300	329	330	331	332	333	334	335	336	337	338	339	340	341	342	343	344	345	346	347	348	349	350	351	380	381	382	383	384	385	386	387	388	389	390	391	392	393	394	395	396	397	398	399	400	401	402	431	432	433	434	435	436	437	438	439	440	441	442	443	444	445	446	447	448	449	450	451	452	453	482	483	484	485	486	487	488	489	490	491	492	493	494	495	496	497	498	499	500	501	502	503	504	1072	1073	1074	1075	1076	1077	1078	1079	1080	1081	1082	1083	1084	1085	1086	1087	1088	1089	1090	1123	1124	1125	1126	1127	1128	1129	1130	1131	1132	1133	1134	1135	1136	1137	1138	1139	1140	1141	1174	1175	1176	1177	1178	1179	1180	1181	1182	1183	1184	1185	1186	1187	1188	1189	1190	1191	1192	1537	1538	1539	1540	1541	1542	1543	1544	1545	1546	1547	1548	1549	1550	1551	1552	1553	1554	1555	1556	1557	1558	1559	1560	1561	1562	1563	1564	1565	1566	1567	1568	1569	1570	1571	1572	1573	1574	1575	1576	1588	1589	1590	1591	1592	1593	1594	1595	1596	1597	1598	1599	1600	1601	1602	1603	1604	1605	1606	1607	1608	1609	1610	1611	1612	1613	1614	1615	1616	1617	1618	1619	1620	1621	1622	1623	1624	1625	1626	1627	1639	1640	1641	1642	1643	1644	1645	1646	1647	1648	1649	1650	1651	1652	1653	1654	1655	1656	1657	1658	1659	1660	1661	1662	1663	1664	1665	1666	1667	1668	1669	1670	1671	1672	1673	1674	1675	1676	1677	1678
79																																																																																																																																									
80																																																																																																																																									
81																																																																																																																																									
82 	104	105	106	107	108	109	110	111	112	155	156	157	158	159	160	161	162	163	206	207	208	209	210	211	212	213	214	257	258	259	260	261	262	263	264	265	581	582	583	584	585	586	587	588	589	590	591	592	593	594	595	596	632	633	634	635	636	637	638	639	640	641	642	643	644	645	646	647	683	684	685	686	687	688	689	690	691	692	693	694	695	696	697	698	734	735	736	737	738	739	740	741	742	743	744	745	746	747	748	749	768	769	770	771	772	773	774	775	776	785	786	787	788	789	790	791	792	793	794	795	796	797	798	799	800	819	820	821	822	823	824	825	826	827	870	871	872	873	874	875	876	877	878	921	922	923	924	925	926	927	928	929	972	973	974	975	976	977	978	979	980	1023	1024	1025	1026	1027	1028	1029	1030	1031	1074	1075	1076	1077	1078	1079	1080	1081	1082	1125	1126	1127	1128	1129	1130	1131	1132	1133	1160	1161	1162	1163	1164	1165	1166	1167	1168	1169	1170	1171	1172	1176	1177	1178	1179	1180	1181	1182	1183	1184	1211	1212	1213	1214	1215	1216	1217	1218	1219	1220	1221	1222	1223	1227	1228	1229	1230	1231	1232	1233	1234	1235	1262	1263	1264	1265	1266	1267	1268	1269	1270	1271	1272	1273	1274	1313	1314	1315	1316	1317	1318	1319	1320	1321	1322	1323	1324	1325	1364	1365	1366	1367	1368	1369	1370	1371	1372	1373	1374	1375	1376	1415	1416	1417	1418	1419	1420	1421	1422	1423	1424	1425	1426	1427	1466	1467	1468	1469	1470	1471	1472	1473	1474	1475	1476	1477	1478	1517	1518	1519	1520	1521	1522	1523	1524	1525	1526	1527	1528	1529	1568	1569	1570	1571	1572	1573	1574	1575	1576	1577	1578	1579	1580
83	4 0	1	2	3	4	51	52	53	54	55	102	103	104	105	106	153	154	155	156	157	204	205	206	207	208	255	256	257	258	259	367	368	369	370	379	380	381	382	383	384	385	386	387	388	389	390	391	392	393	394	395	396	418	419	420	421	430	431	432	433	434	435	436	437	438	439	440	441	442	443	444	445	446	447	469	470	471	472	481	482	483	484	485	486	487	488	489	490	491	492	493	494	495	496	497	498	520	521	522	523	532	533	534	535	536	537	538	539	540	541	542	543	544	545	546	547	548	549	571	572	573	574	583	584	585	586	587	588	589	590	591	592	593	594	595	596	597	598	599	600	622	623	624	625	634	635	636	637	638	639	640	641	642	643	644	645	646	647	648	649	650	651	673	674	675	676	685	686	687	688	724	725	726	727	736	737	738	739	775	776	777	778	787	788	789	790	826	827	828	829	838	839	840	841	877	878	879	880	889	890	891	892	928	929	930	931	940	941	942	943	979	980	981	982	991	992	993	994	1030	1031	1032	1033	1042	1043	1044	1045	1081	1082	1083	1084	1093	1094	1095	1096	1132	1133	1134	1135	1144	1145	1146	1147	1183	1184	1185	1186	1195	1196	1197	1198	1234	1235	1236	1237	1246	1247	1248	1249	1285	1286	1287	1288	1297	1298	1299	1300	1336	1337	1338	1339	1348	1349	1350	1351	1387	1388	1389	1390	1399	1400	1401	1402	1438	1439	1440	1441	1450	1451	1452	1453
84																																																																																																																																									
85																																																																																																																																									
86																																																																																																																																									
87																																																																																																																																									
88																																																																																																																																									
89																																																																																																																																									
90																																																																																																																																									
91	204	205	206	207	208	209	210	211	212	213	214	215	216	217	218	219	220	221	222	255	256	257	258	259	260	261	262	263	264	265	266	267	268	269	270	271	272	273	306	307	308	309	310	311	312	313	314	315	316	317	318	319	320	321	322	323	324	357	358	359	360	361	362	363	364	365	366	367	368	369	370	371	372	373	374	375	408	409	410	411	412	413	414	415	416	417	418	419	420	421	422	423	424	425	426	427	428	429	430	431	432	433	434	435	436	437	438	439	440	441	442	459	460	461	462	463	464	465	466	467	468	469	470	471	472	473	474	475	476	477	478	479	480	481	482	483	484	485	486	487	488	489	490	491	492	493	510	511	512	513	514	515	516	517	518	519	520	521	522	523	524	525	526	527	528	529	530	531	532	533	534	535	536	537	538	539	540	541	542	543	544	1326	1327	1328	1329	1330	1331	1332	1333	1334	1335	1336	1337	1338	1339	1340	1341	1342	1343	1344	1345	1346	1377	1378	1379	1380	1381	1382	1383	1384	1385	1386	1387	1388	1389	1390	1391	1392	1393	1394	1395	1396	1397	1398	1399	1400	1401	1402	1403	1404	1405	1406	1407	1408	1409	1410	1411	1412	1413	1414	1428	1429	1430	1431	1432	1433	1434	1435	1436	1437	1438	1439	1440	1441	1442	1443	1444	1445	1446	1447	1448	1449	1450	1451	1452	1453	1454	1455	1456	1457	1458	1459	1460	1461	1462	1463	1464	1465	1466	1467	1468	1469	1470	1471	1472	1473	1474	1475	1476	1477	1478
92																																																																																																																																									
93	0	1	2	3	4	5	6	7	8	9	10	11	12	51	52	53	54	55	56	57	58	59	60	61	62	63	102	103	104	105	106	107	108	109	110	111	112	113	114	314	315	316	317	318	319	320	321	322	323	324	325	326	327	328	329	330	331	332	333	334	335	336	337	338	339	340	341	365	366	367	368	369	370	371	372	373	374	375	376	377	378	379	380	381	382	383	384	385	386	387	388	389	390	391	392	416	417	418	419	420	421	422	423	424	425	426	427	428	429	430	431	432	433	434	435	436	437	438	439	440	441	442	443	689	690	691	692	693	694	695	696	697	698	699	700	701	702	703	704	705	706	740	741	742	743	744	745	746	747	748	749	750	751	752	753	754	755	756	757	791	792	793	794	795	796	797	798	799	800	801	802	803	804	805	806	807	808	842	843	844	845	846	847	848	849	850	851	852	853	854	855	856	857	858	859
94																																																																																																																																									
95																																																																																																																																									
96																																																																																																																																									
97	268	269	270	271	272	273	274	275	276	277	278	279	280	281	282	283	319	320	321	322	323	324	325	326	327	328	329	330	331	332	333	334	370	371	372	373	374	375	376	377	378	379	380	381	382	383	384	385	421	422	423	424	425	426	427	428	429	430	431	432	433	434	435	436	663	664	665	666	667	668	669	670	671	672	673	674	675	676	677	678	679	680	681	682	683	684	685	686	687	714	715	716	717	718	719	720	721	722	723	724	725	726	727	728	729	730	731	732	733	734	735	736	737	738	765	766	767	768	769	770	771	772	773	774	775	776	777	778	779	780	781	782	783	784	785	786	787	788	789	816	817	818	819	820	821	822	823	824	825	826	827	828	829	830	831	832	833	834	835	836	837	838	839	840	1142	1143	1144	1145	1146	1147	1148	1149	1150	1151	1152	1153	1154	1155	1156	1157	1158	1159	1160	1161	1162	1193	1194	1195	1196	1197	1198	1199	1200	1201	1202	1203	1204	1205	1206	1207	1208	1209	1210	1211	1212	1213	1244	1245	1246	1247	1248	1249	1250	1251	1252	1253	1254	1255	1256	1257	1258	1259	1260	1261	1262	1263	1264	1295	1296	1297	1298	1299	1300	1301	1302	1303	1304	1305	1306	1307	1308	1309	1310	1311	1312	1313	1314	1315
98																																																																																																																																									
99																																																																																																																																									
100																																																																																																																																									
101																																																																																																																																									
102	85	86	87	88	89	90	91	92	93	94	95	96	97	98	99	100	101	136	137	138	139	140	141	142	143	144	145	146	147	148	149	150	151	152	187	188	189	190	191	192	193	194	195	196	197	198	199	200	201	202	203	238	239	240	241	242	243	244	245	246	247	248	249	250	251	252	253	254	289	290	291	292	293	294	295	296	297	298	299	300	301	302	303	304	305	340	341	342	343	344	345	346	347	348	349	350	351	352	353	354	355	356	391	392	393	394	395	396	397	398	399	400	401	402	403	404	405	406	407	442	443	444	445	446	447	448	449	450	451	452	453	454	455	456	457	458	493	494	495	496	497	498	499	500	501	502	503	504	505	506	507	508	509	918	919	920	921	922	923	924	925	926	927	928	929	930	931	932	933	934	935	936	937	938	939	940	941	942	969	970	971	972	973	974	975	976	977	978	979	980	981	982	983	984	985	986	987	988	989	990	991	992	993	1020	1021	1022	1023	1024	1025	1026	1027	1028	1029	1030	1031	1032	1033	1034	1035	1036	1037	1038	1039	1040	1041	1042	1043	1044	1071	1072	1073	1074	1075	1076	1077	1078	1079	1080	1081	1082	1083	1084	1085	1086	1087	1088	1089	1090	1091	1092	1093	1094	1095	1122	1123	1124	1125	1126	1127	1128	1129	1130	1131	1132	1133	1134	1135	1136	1137	1138	1139	1140	1141	1142	1143	1144	1145	1146	1173	1174	1175	1176	1177	1178	1179	1180	1181	1182	1183	1184	1185	1186	1187	1188	1189	1190	1191	1192	1193	1194	1195	1196	1197	1224	1225	1226	1227	1228	1229	1230	1231	1232	1233	1234	1235	1236	1237	1238	1239	1240	1241	1242	1243	1244	1245	1246	1247	1248	1275	1276	1277	1278	1279	1280	1281	1282	1283	1284	1285	1286	1287	1288	1289	1290	1291	1292	1293	1294	1295	1296	1297	1298	1299	1326	1327	1328	1329	1330	1331	1332	1333	1334	1335	1336	1337	1338	1339	1340	1341	1342	1343	1344	1345	1346	1347	1348	1349	1350	1377	1378	1379	1380	1381	1382	1383	1384	1385	1386	1387	1388	1389	1390	1391	1392	1393	1394	1395	1396	1397	1398	1399	1400	1401	1428	1429	1430	1431	1432	1433	1434	1435	1436	1437	1438	1439	1440	1441	1442	1443	1444	1445	1446	1447	1448	1449	1450	1451	1452
103																																																																																																																																									
104																																																																																																																																									
105																																																																																																																																									
106	134	135	136	137	138	139	140	141	142	143	144	145	146	147	148	185	186	187	188	189	190	191	192	193	194	195	196	197	198	199	236	237	238	239	240	241	242	243	244	245	246	247	248	249	250	287	288	289	290	291	292	293	294	295	296	297	298	299	300	301	338	339	340	341	342	343	344	345	346	347	348	349	350	351	352	389	390	391	392	393	394	395	396	397	398	399	400	401	402	403	564	565	566	567	568	569	570	571	572	573	574	575	576	577	578	615	616	617	618	619	620	621	622	623	624	625	626	627	628	629	666	667	668	669	670	671	672	673	674	675	676	677	678	679	680	717	718	719	720	721	722	723	724	725	726	727	728	729	730	731	768	769	770	771	772	773	774	775	776	777	778	779	780	781	782	819	820	821	822	823	824	825	826	827	828	829	830	831	832	833	1049	1050	1051	1052	1053	1054	1055	1056	1057	1058	1059	1060	1061	1062	1063	1064	1065	1066	1067	1100	1101	1102	1103	1104	1105	1106	1107	1108	1109	1110	1111	1112	1113	1114	1115	1116	1117	1118	1151	1152	1153	1154	1155	1156	1157	1158	1159	1160	1161	1162	1163	1164	1165	1166	1167	1168	1169	1183	1184	1185	1186	1187	1188	1189	1190	1191	1192	1193	1194	1195	1196	1197	1198	1199	1200	1201	1202	1203	1204	1205	1206	1207	1208	1209	1210	1211	1212	1213	1214	1215	1216	1217	1218	1219	1220	1234	1235	1236	1237	1238	1239	1240	1241	1242	1243	1244	1245	1246	1247	1248	1249	1250	1251	1252	1253	1254	1255	1256	1257	1258	1259	1260	1261	1262	1263	1264	1265	1266	1267	1268	1269	1270	1271
107																																																																																																																																									
108																																																																																																																																									
109																																																																																																																																									
110																																																																																																																																									
111																																																																																																																																									
112																																																																																																																																									
113	28	29	30	31	32	33	34	35	36	37	38	39	40	41	42	43	44	45	46	47	48	49	50	79	80	81	82	83	84	85	86	87	88	89	90	91	92	93	94	95	96	97	98	99	100	101	306	307	308	309	310	311	312	313	314	315	316	317	318	319	320	321	322	323	357	358	359	360	361	362	363	364	365	366	367	368	369	370	371	372	373	374	408	409	410	411	412	413	414	415	416	417	418	419	420	421	422	423	424	425	788	789	790	791	792	793	794	795	796	797	798	799	800	801	802	803	804	805	806	807	808	809	810	811	812	813	814	815	839	840	841	842	843	844	845	846	847	848	849	850	851	852	853	854	855	856	857	858	859	860	861	862	863	864	865	866	890	891	892	893	894	895	896	897	898	899	900	901	902	903	904	905	906	907	908	909	910	911	912	913	914	915	916	917	1479	1480	1481	1482	1483	1484	1485	1486	1487	1488	1489	1490	1491	1492	1493	1530	1531	1532	1533	1534	1535	1536	1537	1538	1539	1540	1541	1542	1543	1544	1581	1582	1583	1584	1585	1586	1587	1588	1589	1590	1591	1592	1593	1594	1595	1596	1597	1598	1599	1600	1601	1602	1603	1604	1605	1606	1607	1608	1609	1610	1611	1612	1613	1614	1615	1632	1633	1634	1635	1636	1637	1638	1639	1640	1641	1642	1643	1644	1645	1646	1647	1648	1649	1650	1651	1652	1653	1654	1655	1656	1657	1658	1659	1660	1661	1662	1663	1664	1665	1666
114																																																																																																																																									
115																																																																																																																																									
116																																																																																																																																									
117																																																																																																																																									
118	3	4	5	6	7	8	9	10	11	12	13	14	15	16	17	54	55	56	57	58	59	60	61	62	63	64	65	66	67	68	105	106	107	108	109	110	111	112	113	114	115	116	117	118	119	156	157	158	159	160	161	162	163	164	165	166	167	168	169	170	207	208	209	210	211	212	213	214	215	216	217	218	219	220	221	671	672	673	674	675	676	677	678	679	680	681	682	683	684	685	686	687	688	689	690	691	692	693	694	722	723	724	725	726	727	728	729	730	731	732	733	734	735	736	737	738	739	740	741	742	743	744	745	773	774	775	776	777	778	779	780	781	782	783	784	785	786	787	788	789	790	791	792	793	794	795	796	824	825	826	827	828	829	830	831	832	833	834	835	836	837	838	839	840	841	842	843	844	845	846	847	875	876	877	878	879	880	881	882	883	884	885	886	887	888	889	890	891	892	893	894	895	896	897	898	1305	1306	1307	1308	1309	1310	1311	1312	1313	1314	1315	1316	1317	1318	1319	1356	1357	1358	1359	1360	1361	1362	1363	1364	1365	1366	1367	1368	1369	1370	1407	1408	1409	1410	1411	1412	1413	1414	1415	1416	1417	1418	1419	1420	1421	1458	1459	1460	1461	1462	1463	1464	1465	1466	1467	1468	1469	1470	1471	1472	1509	1510	1511	1512	1513	1514	1515	1516	1517	1518	1519	1520	1521	1522	1523
119																																																																																																																																									
120																																																																																																																																									
121																																																																																																																																									
122	357	358	359	360	361	362	363	364	365	366	367	368	369	370	371	372	373	374	375	376	377	378	379	380	381	382	383	384	408	409	410	411	412	413	414	415	416	417	418	419	420	421	422	423	424	425	426	427	428	429	430	431	432	433	434	435	459	460	461	462	463	464	465	466	467	468	469	470	471	472	473	474	475	476	477	478	479	480	481	482	483	484	485	486	510	511	512	513	514	515	516	517	518	519	520	521	522	523	524	525	526	527	528	529	530	531	532	533	534	535	536	537	561	562	563	564	565	566	567	568	569	570	571	572	573	574	575	576	577	578	579	580	581	582	583	584	585	586	587	588	612	613	614	615	616	617	618	619	620	621	622	623	624	625	626	627	628	629	630	631	632	633	634	635	636	637	638	639	663	664	665	666	667	668	669	670	671	672	673	674	675	676	677	678	679	680	681	682	683	684	685	686	687	688	689	690	714	715	716	717	718	719	720	721	722	723	724	725	726	727	728	729	730	731	732	733	734	735	736	737	738	739	740	741	1197	1198	1199	1200	1201	1202	1203	1204	1205	1206	1207	1208	1209	1210	1211	1212	1213	1214	1215	1248	1249	1250	1251	1252	1253	1254	1255	1256	1257	1258	1259	1260	1261	1262	1263	1264	1265	1266	1299	1300	1301	1302	1303	1304	1305	1306	1307	1308	1309	1310	1311	1312	1313	1314	1315	1316	1317	1350	1351	1352	1353	1354	1355	1356	1357	1358	1359	1360	1361	1362	1363	1364	1365	1366	1367	1368	1401	1402	1403	1404	1405	1406	1407	1408	1409	1410	1411	1412	1413	1414	1415	1416	1417	1418	1419	1452	1453	1454	1455	1456	1457	1458	1459	1460	1461	1462	1463	1464	1465	1466	1467	1468	1469	1470	1503	1504	1505	1506	1507	1508	1509	1510	1511	1512	1513	1514	1515	1516	1517	1518	1519	1520	1521
123																																																																																																																																									
124																																																																																																																																									
125																																																																																																																																									
126	16	17	18	19	20	21	22	23	24	25	26	27	28	29	30	31	32	33	67	68	69	70	71	72	73	74	75	76	77	78	79	80	81	82	83	84	118	119	120	121	122	123	124	125	126	127	128	129	130	131	132	133	134	135	169	170	171	172	173	174	175	176	177	178	179	180	181	182	183	184	185	186	187	188	189	190	191	192	193	194	195	196	197	198	199	220	221	222	223	224	225	226	227	228	229	230	231	232	233	234	235	236	237	238	239	240	241	242	243	244	245	246	247	248	249	250	838	839	840	841	842	843	844	845	846	847	848	849	850	851	852	889	890	891	892	893	894	895	896	897	898	899	900	901	902	903	924	925	926	927	928	929	930	931	932	933	934	935	936	937	938	939	940	941	942	943	944	945	946	947	948	949	950	951	952	953	954	975	976	977	978	979	980	981	982	983	984	985	986	987	988	989	990	991	992	993	994	995	996	997	998	999	1000	1001	1002	1003	1004	1005	1026	1027	1028	1029	1030	1031	1032	1033	1034	1035	1036	1037	1038	1039	1040	1041	1042	1043	1044	1045	1046	1047	1048	1049	1050	1051	1052	1053	1054	1055	1056	1077	1078	1079	1080	1081	1082	1083	1084	1085	1086	1087	1088	1089	1090	1091	1092	1093	1094	1095	1096	1097	1098	1099	1100	1101	1102	1103	1104	1105	1106	1107	1632	1633	1634	1635	1636	1637	1638	1639	1640	1641	1642	1643	1644	1645	1646	1647	1648	1649	1650	1651	1652	1653	1683	1684	1685	1686	1687	1688	1689	1690	1691	1692	1693	1694	1695	1696	1697	1698	1699	1700	1701	1702	1703	1704	1734	1735	1736	1737	1738	1739	1740	1741	1742	1743	1744	1745	1746	1747	1748	1749	1750	1751	1752	1753	1754	1755	1785	1786	1787	1788	1789	1790	1791	1792	1793	1794	1795	1796	1797	1798	1799	1800	1801	1802	1803	1804	1805	1806
127																																																																																																																																									
128																																																																																																																																									
129																																																																																																																																									
130																																																																																																																																									
131	140	141	142	163	164	165	166	167	168	191	192	193	214	215	216	217	218	219	242	243	244	265	266	267	268	269	270	293	294	295	316	317	318	319	320	321	344	345	346	367	368	369	370	371	372	395	396	397	418	419	420	421	422	423	446	447	448	469	470	471	472	473	474	497	498	499	520	521	522	523	524	525	548	549	550	571	572	573	574	575	576	599	600	601	622	623	624	625	626	627	650	651	652	673	674	675	676	677	678	701	702	703	724	725	726	727	728	729	752	753	754	775	776	777	778	779	780	803	804	805	826	827	828	829	830	831	854	855	856	877	878	879	880	881	882	905	906	907	928	929	930	931	932	933	956	957	958	979	980	981	982	983	984	1007	1008	1009	1030	1031	1032	1033	1034	1035	1058	1059	1060	1081	1082	1083	1084	1085	1086	1109	1110	1111	1132	1133	1134	1135	1136	1137	1160	1161	1162	1183	1184	1185	1186	1187	1188	1211	1212	1213	1234	1235	1236	1237	1238	1239	1262	1263	1264	1285	1286	1287	1288	1289	1290	1313	1314	1315	1336	1337	1338	1339	1340	1341	1364	1365	1366
132																																																																																																																																									
133	0	1	2	3	4	5	6	7	8	9	10	11	12	13	14	15	51	52	53	54	55	56	57	58	59	60	61	62	63	64	65	66	102	103	104	105	106	107	108	109	110	111	112	113	114	115	116	117	153	154	155	156	157	158	159	160	161	162	163	164	165	166	167	168	212	213	214	215	216	217	218	219	220	221	222	223	224	225	226	227	263	264	265	266	267	268	269	270	271	272	273	274	275	276	277	278	314	315	316	317	318	319	320	321	322	323	324	325	326	327	328	329	365	366	367	368	369	370	371	372	373	374	375	376	377	378	379	380	1041	1042	1043	1044	1045	1046	1047	1048	1049	1050	1051	1052	1053	1054	1055	1056	1057	1058	1092	1093	1094	1095	1096	1097	1098	1099	1100	1101	1102	1103	1104	1105	1106	1107	1108	1109	1143	1144	1145	1146	1147	1148	1149	1150	1151	1152	1153	1154	1155	1156	1157	1158	1159	1160	1194	1195	1196	1197	1198	1199	1200	1201	1202	1203	1204	1205	1206	1207	1208	1209	1210	1211	1245	1246	1247	1248	1249	1250	1251	1252	1253	1254	1255	1256	1257	1258	1259	1260	1261	1262	1296	1297	1298	1299	1300	1301	1302	1303	1304	1305	1306	1307	1308	1309	1310	1311	1312	1313	1357	1358	1359	1360	1361	1362	1363	1364	1365	1366	1367	1368	1369	1370	1408	1409	1410	1411	1412	1413	1414	1415	1416	1417	1418	1419	1420	1421	1459	1460	1461	1462	1463	1464	1465	1466	1467	1468	1469	1470	1471	1472	1510	1511	1512	1513	1514	1515	1516	1517	1518	1519	1520	1521	1522	1523
134																																																																																																																																									
135	32	33	34	35	36	37	38	39	40	41	42	83	84	85	86	87	88	89	90	91	92	93	134	135	136	137	138	139	140	141	142	143	144	185	186	187	188	189	190	191	192	193	194	195	236	237	238	239	240	241	242	243	244	245	246	480	481	482	483	484	485	486	487	488	489	490	491	492	493	494	531	532	533	534	535	536	537	538	539	540	541	542	543	544	545	582	583	584	585	586	587	588	589	590	591	592	593	594	595	596	633	634	635	636	637	638	639	640	641	642	643	644	645	646	647	684	685	686	687	688	689	690	691	692	693	694	695	696	697	698	735	736	737	738	739	740	741	742	743	744	745	746	747	748	749	786	787	788	789	790	791	792	793	794	795	796	797	798	799	800	837	838	839	840	841	842	843	844	845	846	847	848	849	850	851	1128	1129	1130	1131	1132	1133	1134	1135	1136	1137	1138	1139	1140	1179	1180	1181	1182	1183	1184	1185	1186	1187	1188	1189	1190	1191	1230	1231	1232	1233	1234	1235	1236	1237	1238	1239	1240	1241	1242	1281	1282	1283	1284	1285	1286	1287	1288	1289	1290	1291	1292	1293	1332	1333	1334	1335	1336	1337	1338	1339	1340	1341	1342	1343	1344	1383	1384	1385	1386	1387	1388	1389	1390	1391	1392	1393	1394	1395	1434	1435	1436	1437	1438	1439	1440	1441	1442	1443	1444	1445	1446
136																																																																																																																																									
137																																																																																																																																									
138																																																																																																																																									
139	284	285	286	287	288	289	290	291	292	293	294	295	296	297	298	299	335	336	337	338	339	340	341	342	343	344	345	346	347	348	349	350	386	387	388	389	390	391	392	393	394	395	396	397	398	399	400	401	437	438	439	440	441	442	443	444	445	446	447	448	449	450	451	452	575	576	577	578	579	580	581	582	583	584	585	586	587	588	589	590	591	592	626	627	628	629	630	631	632	633	634	635	636	637	638	639	640	641	642	643	677	678	679	680	681	682	683	684	685	686	687	688	689	690	691	692	693	694	728	729	730	731	732	733	734	735	736	737	738	739	740	741	742	743	744	745	779	780	781	782	783	784	785	786	787	788	789	790	791	792	793	794	795	796	871	872	873	874	875	876	877	878	879	922	923	924	925	926	927	928	929	930	973	974	975	976	977	978	979	980	981	1024	1025	1026	1027	1028	1029	1030	1031	1032	1075	1076	1077	1078	1079	1080	1081	1082	1083	1126	1127	1128	1129	1130	1131	1132	1133	1134	1708	1709	1710	1711	1712	1713	1714	1715	1716	1717	1718	1719	1720	1721	1722	1723	1724	1725	1726	1727	1728	1759	1760	1761	1762	1763	1764	1765	1766	1767	1768	1769	1770	1771	1772	1773	1774	1775	1776	1777	1778	1779	1810	1811	1812	1813	1814	1815	1816	1817	1818	1819	1820	1821	1822	1823	1824	1825	1826	1827	1828	1829	1830
140																																																																																																																																									
141																																																																																																																																									
142																																																																																																																																									
143																																																																																																																																									
144																																																																																																																																									
145																																																																																																																																									
146	1	2	3	4	5	6	7	8	9	10	11	12	13	14	52	53	54	55	56	57	58	59	60	61	62	63	64	65	103	104	105	106	107	108	109	110	111	112	113	114	115	116	154	155	156	157	158	159	160	161	162	163	164	165	166	167	472	473	474	475	476	477	478	479	480	481	482	483	484	485	496	497	498	499	500	501	502	503	504	505	506	507	508	523	524	525	526	527	528	529	530	531	532	533	534	535	536	547	548	549	550	551	552	553	554	555	556	557	558	559	574	575	576	577	578	579	580	581	582	583	584	585	586	587	598	599	600	601	602	603	604	605	606	607	608	609	610	625	626	627	628	629	630	631	632	633	634	635	636	637	638	649	650	651	652	653	654	655	656	657	658	659	660	661	788	789	790	791	792	793	794	795	796	797	798	799	800	801	802	839	840	841	842	843	844	845	846	847	848	849	850	851	852	853	890	891	892	893	894	895	896	897	898	899	900	901	902	903	904	941	942	943	944	945	946	947	948	949	950	951	952	953	954	955	
147	323	324	325	326	327	328	329	330	331	332	374	375	376	377	378	379	380	381	382	383	425	426	427	428	429	430	431	432	433	434	476	477	478	479	480	481	482	483	484	485	527	528	529	530	531	532	533	534	535	536	537	538	539	540	541	542	543	544	545	546	547	548	578	579	580	581	582	583	584	585	586	587	588	589	590	591	592	593	594	595	596	597	598	599	629	630	631	632	633	634	635	636	637	638	639	640	641	642	643	644	645	646	647	648	649	650	680	681	682	683	684	685	686	687	688	689	690	691	692	693	694	695	696	697	698	699	700	701	1097	1098	1099	1100	1101	1102	1103	1104	1105	1106	1107	1108	1109	1148	1149	1150	1151	1152	1153	1154	1155	1156	1157	1158	1159	1160	1199	1200	1201	1202	1203	1204	1205	1206	1207	1208	1209	1210	1211	1250	1251	1252	1253	1254	1255	1256	1257	1258	1259	1260	1261	1262	1301	1302	1303	1304	1305	1306	1307	1308	1309	1310	1311	1312	1313	1482	1483	1484	1485	1486	1487	1488	1489	1490	1491	1492	1533	1534	1535	1536	1537	1538	1539	1540	1541	1542	1543	1584	1585	1586	1587	1588	1589	1590	1591	1592	1593	1594	1635	1636	1637	1638	1639	1640	1641	1642	1643	1644	1645
148																																																																																																																																									
149																																																																																																																																									
150																																																																																																																																									
151	359	360	361	362	363	364	365	366	367	368	369	370	371	372	373	374	375	376	377	378	379	380	381	410	411	412	413	414	415	416	417	418	419	420	421	422	423	424	425	426	427	428	429	430	431	432	461	462	463	464	465	466	467	468	469	470	471	472	473	474	475	476	477	478	479	480	481	482	483	512	513	514	515	516	517	518	519	520	521	522	523	524	525	526	527	528	529	530	531	532	533	534	563	564	565	566	567	568	569	570	571	572	573	574	575	576	577	578	579	580	581	582	583	584	585	586	587	588	589	590	591	592	593	594	595	596	597	598	599	600	614	615	616	617	618	619	620	621	622	623	624	625	626	627	628	629	630	631	632	633	634	635	636	637	638	639	640	641	642	643	644	645	646	647	648	649	650	651	665	666	667	668	669	670	671	672	673	674	675	676	677	678	679	680	681	682	683	684	685	686	687	688	689	690	691	692	693	694	695	696	697	698	699	700	701	702	716	717	718	719	720	721	722	723	724	725	726	727	728	729	730	731	732	733	734	735	736	737	738	739	740	741	742	743	744	745	746	747	748	749	750	751	752	753	767	768	769	770	771	772	773	774	775	776	777	778	779	780	781	782	783	784	785	786	787	788	789	790	791	792	793	794	795	796	797	798	799	800	801	802	803	804	1445	1446	1447	1448	1449	1450	1451	1452	1453	1454	1455	1456	1457	1458	1459	1460	1461	1462	1496	1497	1498	1499	1500	1501	1502	1503	1504	1505	1506	1507	1508	1509	1510	1511	1512	1513	1547	1548	1549	1550	1551	1552	1553	1554	1555	1556	1557	1558	1559	1560	1561	1562	1563	1564
152																																																																																																																																									
153	344	345	346	347	348	349	350	351	352	353	395	396	397	398	399	400	401	402	403	404	446	447	448	449	450	451	452	453	454	455	497	498	499	500	501	502	503	504	505	506	548	549	550	551	552	553	554	555	556	557	625	626	627	628	629	630	631	676	677	678	679	680	681	682	727	728	729	730	731	732	733	778	779	780	781	782	783	784	1352	1353	1354	1355	1356	1357	1403	1404	1405	1406	1407	1408	1433	1434	1435	1436	1437	1438	1439	1440	1441	1454	1455	1456	1457	1458	1459	1484	1485	1486	1487	1488	1489	1490	1491	1492	1505	1506	1507	1508	1509	1510	1535	1536	1537	1538	1539	1540	1541	1542	1543	1556	1557	1558	1559	1560	1561	1586	1587	1588	1589	1590	1591	1592	1593	1594
154																																																																																																																																									
155																																																																																																																																									
156																																																																																																																																									
157																																																																																																																																									
158	177	178	179	180	181	182	183	184	185	186	187	188	189	190	191	192	228	229	230	231	232	233	234	235	236	237	238	239	240	241	242	243	279	280	281	282	283	284	285	286	287	288	289	290	291	292	293	294	330	331	332	333	334	335	336	337	338	339	340	341	342	343	344	345	381	382	383	384	385	386	387	388	389	390	391	392	393	394	395	396	432	433	434	435	436	437	438	439	440	441	442	443	444	445	446	447	483	484	485	486	487	488	489	490	491	492	493	494	495	496	497	498	568	569	570	571	572	573	574	575	576	577	578	579	580	619	620	621	622	623	624	625	626	627	628	629	630	631	670	671	672	673	674	675	676	677	678	679	680	681	682	721	722	723	724	725	726	727	728	729	730	731	732	733	772	773	774	775	776	777	778	779	780	781	782	783	784	1380	1381	1382	1383	1384	1385	1386	1387	1388	1389	1390	1391	1392	1393	1394	1395	1396	1397	1398	1399	1400	1431	1432	1433	1434	1435	1436	1437	1438	1439	1440	1441	1442	1443	1444	1445	1446	1447	1448	1449	1450	1451	1482	1483	1484	1485	1486	1487	1488	1489	1490	1491	1492	1493	1494	1495	1496	1497	1498	1499	1500	1501	1502	1533	1534	1535	1536	1537	1538	1539	1540	1541	1542	1543	1544	1545	1546	1547	1548	1549	1550	1551	1552	1553	1584	1585	1586	1587	1588	1589	1590	1591	1592	1593	1594	1595	1596	1597	1598	1599	1600	1601	1602	1603	1604
159																																																																																																																																									
160																																																																																																																																									
161																																																																																																																																									
162																																																																																																																																									
163																																																																																																																																									
164																																																																																																																																									
165	88	89	90	91	92	93	94	139	140	141	142	143	144	145	190	191	192	193	194	195	196	241	242	243	244	245	246	247	292	293	294	295	296	297	298	766	767	768	769	770	771	772	773	774	775	776	777	817	818	819	820	821	822	823	824	825	826	827	828	868	869	870	871	872	873	874	875	876	877	878	879	919	920	921	922	923	924	925	926	927	928	929	930	931	932	933	934	935	936	937	938	939	940	941	942	943	944	945	946	947	970	971	972	973	974	975	976	977	978	979	980	981	982	983	984	985	986	987	988	989	990	991	992	993	994	995	996	997	998	1021	1022	1023	1024	1025	1026	1027	1028	1029	1030	1031	1032	1033	1034	1035	1036	1037	1038	1039	1040	1041	1042	1043	1044	1045	1046	1047	1048	1049	1072	1073	1074	1075	1076	1077	1078	1079	1080	1081	1082	1083	1084	1085	1086	1087	1088	1089	1090	1091	1092	1093	1094	1095	1096	1097	1098	1099	1100	1123	1124	1125	1126	1127	1128	1129	1130	1131	1132	1133	1134	1135	1136	1137	1138	1139	1140	1141	1142	1143	1144	1145	1146	1147	1148	1149	1150	1151	1516	1517	1518	1519	1520	1521	1522	1523	1567	1568	1569	1570	1571	1572	1573	1574	1618	1619	1620	1621	1622	1623	1624	1625	1669	1670	1671	1672	1673	1674	1675	1676	1720	1721	1722	1723	1724	1725	1726	1727	1771	1772	1773	1774	1775	1776	1777	1778
166																																																																																																																																									
167	132	133	134	135	136	137	138	139	140	141	142	143	183	184	185	186	187	188	189	190	191	192	193	194	234	235	236	237	238	239	240	241	242	243	244	245	285	286	287	288	289	290	291	292	293	294	295	296	336	337	338	339	340	341	342	343	344	345	346	347	387	388	389	390	391	392	393	394	395	396	397	398	667	668	669	670	671	672	673	674	675	676	677	678	679	680	681	682	683	684	685	718	719	720	721	722	723	724	725	726	727	728	729	730	731	732	733	734	735	736	769	770	771	772	773	774	775	776	777	778	779	780	781	782	783	784	785	786	787	820	821	822	823	824	825	826	827	828	829	830	831	832	833	834	835	836	837	838	1143	1144	1145	1146	1147	1148	1149	1150	1151	1152	1153	1154	1155	1156	1194	1195	1196	1197	1198	1199	1200	1201	1202	1203	1204	1205	1206	1207	1245	1246	1247	1248	1249	1250	1251	1252	1253	1254	1255	1256	1257	1258	1441	1442	1443	1444	1445	1446	1447	1448	1449	1450	1451	1452	1453	1492	1493	1494	1495	1496	1497	1498	1499	1500	1501	1502	1503	1504	1543	1544	1545	1546	1547	1548	1549	1550	1551	1552	1553	1554	1555	1594	1595	1596	1597	1598	1599	1600	1601	1602	1603	1604	1605	1606	1645	1646	1647	1648	1649	1650	1651	1652	1653	1654	1655	1656	1657
168																																																																																																																																									
169																																																																																																																																									
170																																																																																																																																									
171																																																																																																																																									
172	63	64	65	66	91	92	93	94	95	96	114	115	116	117	142	143	144	145	146	147	165	166	167	168	193	194	195	196	197	198	216	217	218	219	244	245	246	247	248	249	267	268	269	270	295	296	297	298	299	300	318	319	320	321	346	347	348	349	350	351	369	370	371	372	397	398	399	400	401	402	420	421	422	423	448	449	450	451	452	453	471	472	473	474	499	500	501	502	503	504	522	523	524	525	550	551	552	553	554	555	573	574	575	576	601	602	603	604	605	606	624	625	626	627	652	653	654	655	656	657	838	839	840	841	842	843	844	845	889	890	891	892	893	894	895	896	940	941	942	943	944	945	946	947	991	992	993	994	995	996	997	998	1042	1043	1044	1045	1046	1047	1048	1049	1093	1094	1095	1096	1097	1098	1099	1100	1144	1145	1146	1147	1148	1149	1150	1151	1195	1196	1197	1198	1199	1200	1201	1202	1226	1227	1228	1229	1230	1231	1246	1247	1248	1249	1250	1251	1252	1253	1277	1278	1279	1280	1281	1282	1297	1298	1299	1300	1301	1302	1303	1304	1328	1329	1330	1331	1332	1333	1348	1349	1350	1351	1352	1353	1354	1355	1379	1380	1381	1382	1383	1384	1399	1400	1401	1402	1403	1404	1405	1406	1430	1431	1432	1433	1434	1435	1450	1451	1452	1453	1454	1455	1456	1457	1481	1482	1483	1484	1485	1486	1501	1502	1503	1504	1505	1506	1507	1508	1532	1533	1534	1535	1536	1537
173																																																																																																																																									
174	176	177	178	179	180	181	182	183	184	185	186	187	188	227	228	229	230	231	232	233	234	235	236	237	238	239	278	279	280	281	282	283	284	285	286	287	288	289	290	329	330	331	332	333	334	335	336	337	338	339	340	341	380	381	382	383	384	385	386	387	388	389	390	391	392	516	517	518	519	520	521	522	523	524	525	526	527	528	529	530	531	567	568	569	570	571	572	573	574	575	576	577	578	579	580	581	582	618	619	620	621	622	623	624	625	626	627	628	629	630	631	632	633	669	670	671	672	673	674	675	676	677	678	679	680	681	682	683	684	720	721	722	723	724	725	726	727	728	729	730	731	732	733	734	735	771	772	773	774	775	776	777	778	779	780	781	782	783	784	785	786	1193	1194	1195	1196	1197	1198	1199	1200	1201	1202	1203	1244	1245	1246	1247	1248	1249	1250	1251	1252	1253	1254	1295	1296	1297	1298	1299	1300	1301	1302	1303	1304	1305	1346	1347	1348	1349	1350	1351	1352	1353	1354	1355	1356	1357	1358	1359	1360	1361	1362	1363	1364	1365	1366	1367	1368	1369	1397	1398	1399	1400	1401	1402	1403	1404	1405	1406	1407	1408	1409	1410	1411	1412	1413	1414	1415	1416	1417	1418	1419	1420	1448	1449	1450	1451	1452	1453	1454	1455	1456	1457	1458	1459	1460	1461	1462	1463	1464	1465	1466	1467	1468	1469	1470	1471
175																																																																																																																																									
176																																																																																																																																									
177																																																																																																																																									
178																																																																																																																																									
179																																																																																																																																									
180																																																																																																																																									
181																																																																																																																																									
182	34	35	36	37	38	39	40	41	42	43	44	85	86	87	88	89	90	91	92	93	94	95	136	137	138	139	140	141	142	143	144	145	146	187	188	189	190	191	192	193	194	195	196	197	238	239	240	241	242	243	244	245	246	247	248	614	615	616	617	618	619	620	621	622	623	624	625	665	666	667	668	669	670	671	672	673	674	675	676	716	717	718	719	720	721	722	723	724	725	726	727	740	741	742	743	744	745	746	747	748	749	750	751	752	753	754	755	767	768	769	770	771	772	773	774	775	776	777	778	791	792	793	794	795	796	797	798	799	800	801	802	803	804	805	806	818	819	820	821	822	823	824	825	826	827	828	829	842	843	844	845	846	847	848	849	850	851	852	853	854	855	856	857	893	894	895	896	897	898	899	900	901	902	903	904	905	906	907	908	1582	1583	1584	1585	1586	1587	1588	1589	1590	1591	1592	1593	1594	1595	1596	1597	1598	1633	1634	1635	1636	1637	1638	1639	1640	1641	1642	1643	1644	1645	1646	1647	1648	1649	1684	1685	1686	1687	1688	1689	1690	1691	1692	1693	1694	1695	1696	1697	1698	1699	1700	1735	1736	1737	1738	1739	1740	1741	1742	1743	1744	1745	1746	1747	1748	1749	1750	1751	1786	1787	1788	1789	1790	1791	1792	1793	1794	1795	1796	1797	1798	1799	1800	1801	1802
183																																																																																																																																									
184																																																																																																																																									
185																																																																																																																																									
186																																																																																																																																									
187	159	160	161	162	163	164	165	166	167	168	169	170	171	172	210	211	212	213	214	215	216	217	218	219	220	221	222	223	261	262	263	264	265	266	267	268	269	270	271	272	273	274	312	313	314	315	316	317	318	319	320	321	322	323	324	325	486	487	488	489	490	491	492	493	494	495	496	497	498	499	500	501	537	538	539	540	541	542	543	544	545	546	547	548	549	550	551	552	588	589	590	591	592	593	594	595	596	597	598	599	600	601	602	603	639	640	641	642	643	644	645	646	647	648	649	650	651	652	653	654	655	656	657	658	659	660	661	662	690	691	692	693	694	695	696	697	698	699	700	701	702	703	704	705	706	707	708	709	710	711	712	713	741	742	743	744	745	746	747	748	749	750	751	752	753	754	755	756	757	758	759	760	761	762	763	764	1079	1080	1081	1082	1083	1084	1085	1086	1087	1088	1089	1090	1091	1092	1093	1094	1095	1096	1097	1098	1130	1131	1132	1133	1134	1135	1136	1137	1138	1139	1140	1141	1142	1143	1144	1145	1146	1147	1148	1149	1181	1182	1183	1184	1185	1186	1187	1188	1189	1190	1191	1192	1193	1194	1195	1196	1197	1198	1199	1200	1224	1225	1226	1227	1228	1229	1230	1231	1232	1233	1234	1235	1236	1237	1238	1239	1240	1241	1242	1243	1244	1245	1246	1247	1248	1249	1250	1251	1275	1276	1277	1278	1279	1280	1281	1282	1283	1284	1285	1286	1287	1288	1289	1290	1291	1292	1293	1294	1295	1296	1297	1298	1299	1300	1301	1302	1326	1327	1328	1329	1330	1331	1332	1333	1334	1335	1336	1337	1338	1339	1340	1341	1342	1343	1344	1345	1346	1347	1348	1349	1350	1351	1352	1353	1668	1669	1670	1671	1672	1673	1674	1675	1676	1677	1678	1679	1680	1719	1720	1721	1722	1723	1724	1725	1726	1727	1728	1729	1730	1731	1770	1771	1772	1773	1774	1775	1776	1777	1778	1779	1780	1781	1782
188																																																																																																																																									
189																																																																																																																																									
190																																																																																																																																									
191																																																																																																																																									
192																																																																																																																																									
193																																																																																																																																									
194																																																																																																																																									
195																																																																																																																																									
196																																																																																																																																									
197																																																																																																																																									
198	2	3	4	5	6	53	54	55	56	57	104	105	106	107	108	383	384	385	386	387	388	389	390	391	392	393	394	395	396	397	398	399	400	401	434	435	436	437	438	439	440	441	442	443	444	445	446	447	448	449	450	451	452	485	486	487	488	489	490	491	492	493	494	495	496	497	498	499	500	501	502	503	536	537	538	539	540	541	542	543	544	545	546	547	548	549	550	551	552	553	554	587	588	589	590	591	592	593	594	595	596	597	598	599	600	601	602	603	604	605	773	774	775	776	777	778	779	780	781	782	783	784	785	786	787	788	789	790	824	825	826	827	828	829	830	831	832	833	834	835	836	837	838	839	840	841	875	876	877	878	879	880	881	882	883	884	885	886	887	888	889	890	891	892	926	927	928	929	930	931	932	933	934	935	936	937	938	939	940	941	942	943	977	978	979	980	981	982	983	984	985	986	987	988	989	990	991	992	993	994	1028	1029	1030	1031	1079	1080	1081	1082	1130	1131	1132	1133	1181	1182	1183	1184	1232	1233	1234	1235	1283	1284	1285	1286	1334	1335	1336	1337	1385	1386	1387	1388
199																																																																																																																																									
200																																																																																																																																									
201																																																																																																																																									
202	125	126	127	128	129	130	131	132	133	134	135	136	137	138	176	177	178	179	180	181	182	183	184	185	186	187	188	189	227	228	229	230	231	232	233	234	235	236	237	238	239	240	278	279	280	281	282	283	284	285	286	287	288	289	290	291	329	330	331	332	333	334	335	336	337	338	339	340	341	342	475	476	477	478	479	480	481	482	483	526	527	528	529	530	531	532	533	534	577	578	579	580	581	582	583	584	585	628	629	630	631	632	633	634	635	636	768	769	770	771	772	773	774	775	776	777	778	779	780	781	782	783	784	819	820	821	822	823	824	825	826	827	828	829	830	831	832	833	834	835	870	871	872	873	874	875	876	877	878	879	880	881	882	883	884	885	886	921	922	923	924	925	926	927	928	929	930	931	932	933	934	935	936	937	972	973	974	975	976	977	978	979	980	981	982	983	984	985	986	987	988	1023	1024	1025	1026	1027	1028	1029	1030	1031	1032	1033	1034	1035	1036	1037	1038	1039	1074	1075	1076	1077	1078	1079	1080	1081	1082	1083	1084	1085	1086	1087	1088	1089	1090	1241	1242	1243	1244	1245	1246	1247	1248	1249	1250	1292	1293	1294	1295	1296	1297	1298	1299	1300	1301	1315	1316	1317	1318	1319	1343	1344	1345	1346	1347	1348	1349	1350	1351	1352	1366	1367	1368	1369	1370	1394	1395	1396	1397	1398	1399	1400	1401	1402	1403	1417	1418	1419	1420	1421	1445	1446	1447	1448	1449	1450	1451	1452	1453	1454	1468	1469	1470	1471	1472	1519	1520	1521	1522	1523	1570	1571	1572	1573	1574	
203	104	105	106	107	108	109	110	111	112	113	114	115	116	117	118	119	120	121	122	123	155	156	157	158	159	160	161	162	163	164	165	166	167	168	169	170	171	172	173	174	206	207	208	209	210	211	212	213	214	215	216	217	218	219	220	221	222	223	224	225	257	258	259	260	261	262	263	264	265	266	267	268	269	270	271	272	273	274	275	276	780	781	782	783	784	785	786	787	788	789	790	791	792	793	794	795	796	797	798	799	800	801	802	803	804	805	806	831	832	833	834	835	836	837	838	839	840	841	842	843	844	845	846	847	848	849	850	851	852	853	854	855	856	857	882	883	884	885	886	887	888	889	890	891	892	893	894	895	896	897	898	899	900	901	902	903	904	905	906	907	908	933	934	935	936	937	938	939	940	941	942	943	944	945	946	947	948	949	950	951	952	953	954	955	956	957	958	959	984	985	986	987	988	989	990	991	992	993	994	995	996	997	998	999	1000	1001	1002	1003	1004	1005	1006	1007	1008	1009	1010	1558	1559	1560	1561	1562	1563	1564	1565	1566	1567	1568	1569	1570	1571	1572	1573	1574	1575	1576	1577	1609	1610	1611	1612	1613	1614	1615	1616	1617	1618	1619	1620	1621	1622	1623	1624	1625	1626	1627	1628	1660	1661	1662	1663	1664	1665	1666	1667	1668	1669	1670	1671	1672	1673	1674	1675	1676	1677	1678	1679	1711	1712	1713	1714	1715	1716	1717	1718	1719	1720	1721	1722	1723	1724	1725	1726	1727	1728	1729	1730
204																																																																																																																																									
205																																																																																																																																									
206																																																																																																																																									
207																																																																																																																																									
208																																																																																																																																									
209	136	137	138	139	140	141	142	143	144	145	187	188	189	190	191	192	193	194	195	196	577	578	579	580	581	582	583	584	585	586	587	588	589	590	591	592	593	594	595	596	597	628	629	630	631	632	633	634	635	636	637	638	639	640	641	642	643	644	645	646	647	648	679	680	681	682	683	684	685	686	687	688	689	690	691	692	693	694	695	696	697	698	699	730	731	732	733	734	735	736	737	738	739	740	741	742	743	744	745	746	747	748	749	750	781	782	783	784	785	786	787	788	789	790	791	792	793	794	795	796	797	798	799	800	801	832	833	834	835	836	837	838	839	840	841	842	843	844	845	846	847	848	849	850	851	852	883	884	885	886	887	888	889	890	891	892	893	894	895	896	897	898	899	900	901	902	903	934	935	936	937	938	939	940	941	942	943	944	945	946	947	948	949	950	951	952	953	954	985	986	987	988	989	990	991	992	993	994	995	996	997	998	999	1000	1001	1002	1003	1004	1005	1328	1329	1330	1331	1332	1333	1334	1335	1336	1337	1338	1339	1340	1341	1342	1343	1344	1379	1380	1381	1382	1383	1384	1385	1386	1387	1388	1389	1390	1391	1392	1393	1394	1395	1430	1431	1432	1433	1434	1435	1436	1437	1438	1439	1440	1441	1442	1443	1444	1445	1446	1481	1482	1483	1484	1485	1486	1487	1488	1489	1490	1491	1492	1493	1494	1495	1496	1497	1532	1533	1534	1535	1536	1537	1538	1539	1540	1541	1542	1543	1544	1545	1546	1547	1548	1583	1584	1585	1586	1587	1588	1589	1590	1591	1592	1593	1594	1595	1596	1597	1598	1599
210																																																																																																																																									
211																																																																																																																																									
212	135	136	137	138	139	140	141	142	143	144	145	146	147	148	149	150	186	187	188	189	190	191	192	193	194	195	196	197	198	199	200	201	237	238	239	240	241	242	243	244	245	246	247	248	249	250	251	252	288	289	290	291	292	293	294	295	296	297	298	299	300	301	302	303	408	409	410	411	412	413	414	415	416	417	418	419	420	421	422	423	424	425	426	427	428	429	430	431	432	433	459	460	461	462	463	464	465	466	467	468	469	470	471	472	473	474	475	476	477	478	479	480	481	482	483	484	510	511	512	513	514	515	516	517	518	519	520	521	522	523	524	525	526	527	528	529	530	531	532	533	534	535	536	537	538	539	540	541	542	543	544	561	562	563	564	565	566	567	568	569	570	571	572	573	574	575	576	577	578	579	580	581	582	583	584	585	586	587	588	589	590	591	592	593	594	595	612	613	614	615	616	617	618	619	620	621	622	623	624	625	626	627	628	629	630	631	632	633	634	635	636	637	638	639	640	641	642	643	644	645	646	1040	1041	1042	1043	1044	1045	1046	1047	1048	1049	1050	1051	1052	1091	1092	1093	1094	1095	1096	1097	1098	1099	1100	1101	1102	1103	1142	1143	1144	1145	1146	1147	1148	1149	1150	1151	1152	1153	1154	1193	1194	1195	1196	1197	1198	1199	1200	1201	1202	1203	1204	1205	1481	1482	1483	1484	1485	1486	1487	1488	1489	1490	1491	1492	1532	1533	1534	1535	1536	1537	1538	1539	1540	1541	1542	1543	1661	1662	1663	1664	1665	1666	1667	1668	1669	1670	1671	1672	1673	1674	1675	1676	1677	1712	1713	1714	1715	1716	1717	1718	1719	1720	1721	1722	1723	1724	1725	1726	1727	1728	1763	1764	1765	1766	1767	1768	1769	1770	1771	1772	1773	1774	1775	1776	1777	1778	1779	1814	1815	1816	1817	1818	1819	1820	1821	1822	1823	1824	1825	1826	1827	1828	1829	1830
213																																																																																																																																									
214																																																																																																																																									
215																																																																																																																																									
216																																																																																																																																									
217	0	1	2	3	4	5	51	52	53	54	55	56	102	103	104	105	106	107	153	154	155	156	157	158	204	205	206	207	208	209	394	395	396	397	398	399	400	401	402	403	445	446	447	448	449	450	451	452	453	454	496	497	498	499	500	501	502	503	504	505	547	548	549	550	551	552	553	554	555	556	743	744	745	746	747	748	749	750	751	752	753	754	755	756	757	794	795	796	797	798	799	800	801	802	803	804	805	806	807	808	845	846	847	848	849	850	851	852	853	854	855	856	857	858	859	875	876	877	878	879	880	881	882	883	884	885	886	887	888	889	890	891	892	893	894	895	896	897	898	899	900	901	902	903	904	905	906	907	908	909	910	926	927	928	929	930	931	932	933	934	935	936	937	938	939	940	941	942	943	944	945	946	947	948	949	950	951	952	953	954	955	956	957	958	959	960	961	1314	1315	1316	1317	1318	1319	1320	1365	1366	1367	1368	1369	1370	1371	1416	1417	1418	1419	1420	1421	1422	1593	1594	1595	1596	1597	1598	1599	1600	1601	1602	1603	1604	1605	1606	1607	1608	1609	1610	1611	1612	1613	1644	1645	1646	1647	1648	1649	1650	1651	1652	1653	1654	1655	1656	1657	1658	1659	1660	1661	1662	1663	1664	1695	1696	1697	1698	1699	1700	1701	1702	1703	1704	1705	1706	1707	1708	1709	1710	1711	1712	1713	1714	1715
218																																																																																																																																									
219																																																																																																																																									
220																																																																																																																																									
221																																																																																																																																									
222	166	167	168	169	170	171	217	218	219	220	221	222	268	269	270	271	272	273	319	320	321	322	323	324	370	371	372	373	374	375	421	422	423	424	425	426	472	473	474	475	476	477	523	524	525	526	527	528	574	575	576	577	578	579	591	592	593	594	595	596	597	598	599	600	601	602	603	604	605		625	626	627	628	629	630	642	643	644	645	646	647	648	649	650	651	652	653	654	655	656	676	677	678	679	680	681	693	694	695	696	697	698	699	700	701	702	703	704	705	706	707	727	728	729	730	731	732	744	745	746	747	748	749	750	751	752	753	754	755	756	757	758	778	779	780	781	782	783	829	830	831	832	833	834	880	881	882	883	884	885	931	932	933	934	935	936	1084	1085	1086	1087	1088	1089	1090	1135	1136	1137	1138	1139	1140	1141	1151	1152	1153	1154	1155	1156	1157	1186	1187	1188	1189	1190	1191	1192	1202	1203	1204	1205	1206	1207	1208	1237	1238	1239	1240	1241	1242	1243	1253	1254	1255	1256	1257	1258	1259	1288	1289	1290	1291	1292	1293	1294	1304	1305	1306	1307	1308	1309	1310	1339	1340	1341	1342	1343	1344	1345	1355	1356	1357	1358	1359	1360	1361	1390	1391	1392	1393	1394	1395	1396	1406	1407	1408	1409	1410	1411	1412	1441	1442	1443	1444	1445	1446	1447	1457	1458	1459	1460	1461	1462	1463
223																																																																																																																																									
224

































