0 
1 
2 1 29 47 57 61 73 83 97 101 107 115 119 135 139 141 161 179 189 221 227 247 251 277 283 291 293 327 341 367 373 375 377 383 439 441 443 461 475 479 485 489 513 533 543 565 569 571 579 595 605 659 683 717 721 745 757 761 763 771 779 793 801 841 853 885 893 927 931 937 947 963 993 999 1009 1013 1015 1017 1025 1047 1067 1083 1087 1089 1117 1123 1125 
3 
4 
5 
6 
7 
8 
9 
10 
11 
12 11 33 37 49 61 67 75 89 91 97 107 121 139 143 153 161 165 185 193 207 215 221 231 249 253 265 281 305 319 321 363 373 385 391 395 401 425 451 457 479 513 547 575 587 609 615 641 647 665 677 683 705 717 725 731 737 747 751 753 759 761 785 789 795 801 819 823 827 857 875 879 885 887 897 917 925 935 971 989 1005 1017 1027 1035 1055 1057 1095 1105 1111 1125 1127 1133 1163 
13 
14 
15 
16 
17 
18 31 41 45 63 73 79 85 95 123 125 129 131 145 163 187 197 205 213 219 221 223 229 253 261 303 317 325 347 353 375 377 379 389 395 459 465 467 475 505 527 543 547 561 563 565 573 581 589 627 655 657 689 707 735 747 751 753 775 799 849 851 855 867 877 903 919 923 939 969 993 1025 1037 1043 1051 1057 1083 1095 1099 1151 1155 1159 
19 
20 
21 
22 7 11 15 41 51 59 85 135 191 195 211 213 227 243 253 261 265 269 273 303 305 309 325 327 341 357 367 379 405 435 455 493 501 505 509 569 581 605 629 633 697 711 715 727 741 745 755 771 775 777 811 831 839 851 865 871 881 891 899 903 907 949 951 999 1007 1013 1043 1045 1051 1063 1071 1103 1119 1131 1141 1143 1159 
23 
24 
25 95 109 131 139 141 175 185 191 205 221 231 277 295 309 333 343 385 391 395 401 413 429 431 437 457 463 475 487 499 517 519 569 593 597 613 617 621 629 651 653 657 683 685 691 707 719 735 747 767 773 775 777 789 797 805 817 831 887 891 899 909 917 919 923 943 945 957 985 995 997 1011 1019 1027 1031 1055 1069 1091 1093 1123 1149 1165 
26 
27 
28 47 65 71 75 83 85 89 103 127 139 153 163 167 191 199 203 211 217 245 247 251 269 275 281 285 291 299 325 341 343 349 369 387 393 397 399 415 417 421 425 429 437 439 467 475 481 495 509 517 523 527 555 561 583 621 623 629 633 641 647 651 671 701 709 713 719 729 735 737 745 757 759 767 769 781 787 789 793 799 807 811 819 831 851 859 863 871 873 883 907 927 963 1013 1023 1043 1045 1063 1065 1067 1079 1087 1127 1133 1135 1141 1147 1157 1161 
29 
30 17 41 47 69 99 107 109 115 151 155 157 159 175 179 201 207 225 229 241 261 279 285 289 309 327 345 359 361 365 375 377 397 413 429 435 457 471 477 481 519 543 553 555 559 571 575 579 581 597 615 643 653 659 663 685 691 693 703 729 749 757 771 779 781 799 821 853 863 871 885 895 909 913 923 931 937 951 961 965 987 1001 1005 1007 1011 1021 1035 1039 1055 1065 1087 1105 1133 
31 
32 
33 
34 
35 
36 
37 
38 
39 1 15 21 27 29 57 61 67 83 85 99 107 119 123 143 161 181 193 225 233 247 259 295 307 325 327 387 395 409 425 445 451 469 471 479 495 515 539 545 557 619 637 649 659 671 677 713 731 741 759 769 789 791 815 825 835 849 859 861 881 905 923 933 935 963 1011 1013 1015 1031 1049 1057 1059 1069 1071 1081 1091 1105 1107 1113 1159 
40 
41 3 9 11 15 17 35 45 49 65 91 101 117 127 153 159 163 167 191 227 229 235 237 303 305 327 329 341 347 355 377 383 387 399 429 445 451 455 461 477 479 481 483 501 523 525 591 617 647 659 703 707 711 749 767 775 799 803 813 817 831 833 835 857 869 883 901 945 1011 1015 1019 1023 1033 1095 1099 1125 1133 1143 1151 
42 
43 
44 
45 
46 
47 
48 
49 
50 1 5 13 67 85 87 89 91 109 135 147 155 161 165 169 175 193 231 241 261 267 277 281 287 299 303 315 335 337 355 387 397 401 435 445 471 491 501 503 505 511 525 529 535 547 549 555 561 567 597 607 609 611 613 617 619 637 639 651 657 675 679 703 727 735 747 759 761 775 785 813 823 839 855 865 881 895 939 949 953 981 1021 1041 1051 1077 1099 1115 1117 1127 1149 1155 
51 
52 
53 27 55 67 69 79 89 107 119 125 129 145 147 165 191 197 205 237 247 257 259 261 273 283 287 299 321 325 355 357 367 369 373 395 399 407 447 455 457 477 481 515 517 535 543 563 581 599 601 611 623 627 655 657 667 669 723 751 773 795 835 843 847 887 897 899 933 937 951 987 995 1015 1025 1029 1043 1049 1061 1067 1089 1119 1159 
54 
55 
56 
57 
58 3 7 13 37 61 65 69 73 81 83 95 101 109 111 113 131 139 163 165 175 183 187 205 221 257 267 279 285 289 295 297 305 319 325 331 363 373 377 381 393 413 417 419 425 461 497 517 535 537 541 555 559 581 585 603 609 611 629 655 687 689 703 753 767 771 773 775 827 857 871 883 903 917 929 959 973 979 1003 1009 1021 1051 1059 1087 1129 1137 1139 1149 1151 
59 
60 1 7 17 19 49 61 71 87 93 125 143 145 193 209 225 255 271 287 289 313 317 327 329 341 351 353 371 399 411 419 423 443 445 477 499 543 559 579 583 603 625 627 657 675 687 695 717 731 755 765 773 775 781 787 797 811 815 831 837 861 877 885 895 921 925 949 957 979 995 1021 1029 1031 1035 1051 1087 1093 1099 1115 1129 1133 
61 
62 23 25 45 49 67 109 113 119 137 155 159 161 167 173 187 193 205 215 221 251 277 281 285 319 323 329 347 355 357 363 365 387 389 415 419 427 443 481 503 511 525 537 557 561 565 579 605 613 657 673 675 681 693 697 699 711 713 717 731 747 749 791 797 821 855 875 883 891 909 915 919 951 969 1011 1031 1033 1039 1049 1051 1055 1085 1105 1125 1159 
63 1 41 49 59 73 85 99 125 131 141 143 157 163 203 215 217 223 237 247 251 265 277 281 283 285 289 293 299 321 339 343 349 373 375 385 389 391 399 407 411 433 435 459 499 511 515 535 539 577 595 609 619 627 695 701 709 761 763 773 781 811 853 855 857 869 895 915 919 927 933 935 945 967 971 981 991 995 1009 1047 1063 1067 1071 1085 1089 1091 1103 1123 1133 1141 1161 
64 
65 9 73 145 149 157 181 187 225 231 273 297 333 335 357 387 389 409 411 413 435 459 495 499 503 521 557 567 573 575 587 595 603 625 679 699 711 729 731 735 765 773 791 797 807 827 841 849 861 887 889 891 895 901 909 927 963 969 983 985 987 1003 1033 1081 1085 1091 1095 1097 1121 1125 1143 1145 
66 7 29 79 147 157 159 183 195 197 205 213 219 227 229 241 295 307 319 321 351 359 375 389 397 421 427 445 467 477 485 495 497 509 515 517 539 559 569 585 587 627 651 683 697 719 749 771 785 787 819 821 827 839 847 857 859 863 867 873 883 893 897 903 931 945 993 1045 1051 1069 1085 1127 
67 
68 
69 1 3 13 31 39 43 61 65 77 103 109 129 135 157 161 167 173 177 189 207 223 235 243 251 253 269 291 293 301 307 361 377 387 393 401 407 415 423 433 471 477 481 493 507 511 531 533 535 551 555 561 581 589 599 601 603 605 617 639 643 655 657 671 697 709 721 733 737 747 753 771 821 841 859 877 879 901 903 915 917 919 939 975 981 991 997 1005 1013 1043 1081 1085 1111 1147 1151 1157 
70 
71 5 9 19 39 47 65 89 93 103 119 129 141 143 159 163 165 211 253 263 279 319 341 391 413 455 471 473 481 489 503 507 515 529 547 571 589 617 627 641 643 647 669 695 709 723 753 797 805 815 839 845 859 861 909 915 927 947 1021 1023 1043 1051 1079 1103 1117 1129 1151 
72 3 7 31 57 71 89 101 107 109 113 155 179 185 187 195 197 223 227 235 249 253 279 291 295 309 321 327 363 391 429 437 453 457 471 499 511 513 519 527 543 547 607 617 651 657 669 679 711 715 729 731 745 759 761 793 799 801 817 819 837 847 851 869 883 887 897 905 907 955 957 961 965 993 1005 1025 1047 1063 1069 1073 1107 1113 1119 1123 1137 1151 1165 
73 
74 3 9 13 15 17 41 45 61 65 71 91 95 97 133 143 153 181 195 197 231 233 239 245 267 269 295 299 323 327 343 345 365 377 385 387 389 391 401 425 453 473 485 499 505 519 527 537 543 549 607 615 617 635 647 649 657 675 679 709 721 747 753 771 791 809 837 839 847 863 869 877 893 899 903 907 911 927 931 933 937 943 971 977 985 999 1003 1011 1043 1053 1057 1061 1063 1073 1077 1119 1125 1127 1129 1147 
75 
76 
77 
78 
79 
80 
81 13 27 55 57 75 79 93 113 117 123 155 167 177 227 251 257 259 267 271 293 295 307 333 339 365 371 379 385 391 393 409 425 427 447 463 467 505 519 527 591 629 639 679 691 727 745 755 763 793 797 815 819 821 827 829 835 839 857 863 871 873 883 885 891 903 937 947 957 981 1027 1043 1067 1077 1097 1103 1113 1115 1123 1143 1147 
82 1 15 21 25 31 33 49 63 65 77 85 91 99 101 115 117 123 161 181 185 187 189 209 221 241 277 297 305 327 357 361 365 385 393 395 441 451 455 469 487 499 507 517 529 531 533 535 557 571 577 589 639 645 675 701 707 717 729 745 747 749 751 759 761 773 815 841 859 901 935 961 965 967 973 975 977 985 1041 1047 1063 1067 1077 1091 1105 1111 1117 1123 1137 1155 1165 
83 11 21 45 55 63 77 79 83 87 99 103 117 135 149 153 157 163 167 189 191 243 253 261 269 281 297 311 343 347 351 371 373 375 427 435 445 453 457 465 477 485 487 489 497 511 529 537 541 609 611 621 647 649 665 677 683 689 693 703 709 719 743 747 757 783 787 789 793 797 799 813 817 835 845 863 867 883 885 907 933 943 955 961 977 993 1003 1015 1047 1069 1071 1073 1097 1103 1121 1125 1127 1147 1149 1163 
84 1 33 41 45 49 61 65 73 99 101 105 107 109 141 179 245 269 291 297 303 307 325 331 339 341 347 349 377 399 411 427 457 489 493 501 505 517 525 565 569 575 605 623 629 633 635 653 661 739 743 755 765 771 775 803 851 855 857 863 885 889 897 903 911 919 945 979 987 1007 1009 1019 1033 1043 1051 1097 1103 1107 1147 1157 1163 1165 
85 
86 
87 
88 
89 
90 
91 13 19 23 33 45 91 101 115 125 131 157 167 179 215 223 237 251 265 279 281 293 295 303 307 335 339 349 357 361 375 385 387 403 411 413 465 481 497 509 523 547 549 551 569 571 581 589 591 603 605 607 611 615 627 629 633 665 701 707 711 723 743 763 775 783 795 803 837 847 861 865 903 913 919 939 953 959 1021 1025 1037 1051 1119 1153 
92 
93 5 21 35 57 61 71 83 87 119 127 131 149 153 165 209 213 217 253 257 261 263 289 293 303 317 345 355 367 397 415 421 457 465 481 487 491 501 509 511 519 523 531 545 549 551 553 563 567 577 633 707 759 771 779 781 787 799 843 859 873 881 885 899 917 925 931 947 957 969 971 991 1027 1071 1087 1139 1163 
94 
95 
96 
97 7 31 45 53 61 81 111 115 117 127 133 139 161 169 213 249 251 275 283 293 305 311 317 327 335 341 355 361 373 383 409 415 459 467 497 505 507 519 523 537 539 565 567 605 607 611 625 635 647 651 663 683 689 699 731 781 811 829 843 847 871 889 905 933 971 983 1005 1027 1043 1047 1059 1083 1085 1095 1123 1133 1135 1143 1145 1147 1157 
98 
99 
100 
101 
102 7 15 23 31 67 73 87 111 117 125 137 143 161 167 185 187 225 229 249 277 279 293 309 321 323 325 329 361 379 385 399 413 443 451 453 455 471 475 489 499 503 513 525 535 539 541 543 569 579 597 601 609 615 623 625 627 629 647 651 657 663 669 675 683 691 697 701 705 713 723 747 777 793 803 811 847 853 857 863 873 881 883 887 891 907 909 913 941 961 989 1001 1005 1013 1017 1051 1057 1093 1109 1117 1127 1165 
103 
104 1 19 39 61 105 121 133 147 157 163 177 183 193 209 215 223 225 241 245 261 267 273 277 281 283 293 303 305 307 311 339 343 349 355 357 363 367 369 371 375 387 411 415 427 431 451 457 485 489 505 511 519 535 541 559 571 577 589 605 619 639 651 677 727 729 733 735 749 767 769 775 797 799 803 825 851 893 907 909 913 933 939 959 967 969 979 1019 1027 1029 1047 1091 1101 1123 1125 1143 1159 1165 
105 
106 
107 
108 
109 
110 
111 
112 1 57 79 87 107 121 157 177 179 181 185 195 211 215 239 251 255 267 273 281 287 293 295 321 323 333 345 353 393 399 419 451 465 467 475 501 505 513 525 527 531 537 545 547 555 557 565 569 573 575 579 591 625 637 647 663 683 693 705 723 727 731 733 735 745 757 767 803 819 831 833 861 869 911 935 945 947 975 979 1009 1019 1031 1039 1057 1071 1107 1115 1121 1131 1135 1137 1147 1149 1157 
113 31 41 55 59 71 77 89 95 107 111 113 133 169 177 189 197 203 207 209 223 247 263 285 291 299 309 333 339 343 345 347 363 383 391 397 401 413 415 427 445 447 473 483 501 519 521 529 551 563 585 597 599 605 609 615 617 625 635 645 657 673 693 717 733 749 755 773 775 781 837 839 847 849 861 863 867 879 901 909 941 955 967 975 993 1007 1019 1025 1063 1071 1103 1115 1133 1147 1153 1155 
114 
115 
116 
117 
118 
119 
120 
121 
122 5 11 13 17 23 31 49 105 109 161 165 179 187 195 209 225 255 263 267 273 293 305 307 317 319 371 379 381 397 399 403 413 433 445 451 453 499 511 547 557 577 601 607 611 631 665 667 757 775 801 803 809 815 817 831 853 869 911 933 951 959 973 985 993 1005 1029 1031 1041 1051 1053 1055 1061 1071 1087 1107 1119 1131 1133 1135 1139 1161 
123 
124 
125 
126 33 41 83 97 113 119 171 177 179 189 191 195 207 213 231 233 239 245 261 263 267 269 275 277 293 297 305 315 329 339 341 345 379 399 401 423 443 457 495 517 541 547 577 583 585 601 623 639 645 649 651 675 711 733 739 763 775 789 795 801 813 829 863 873 877 901 919 929 933 937 939 945 967 975 979 1007 1049 1059 1069 1071 1073 1095 1121 1123 1133 1147 1155 1157 1159 
127 
128 
129 
130 
131 
132 
133 
134 
135 
136 23 25 47 53 59 73 83 99 125 143 145 165 185 189 205 215 219 235 265 271 273 277 295 307 313 347 351 381 401 405 419 425 429 441 453 461 471 479 509 529 541 545 555 563 571 575 589 597 607 611 617 621 625 631 633 649 675 685 709 721 745 751 769 787 791 793 801 807 809 811 813 831 843 845 857 875 893 925 927 947 1005 1009 1019 1039 1107 1109 1111 1151 1165 
137 
138 
139 
140 
141 
142 
143 
144 
145 19 33 39 47 57 69 83 95 99 113 117 123 129 131 133 135 149 165 187 221 235 261 283 291 303 309 313 327 333 353 375 409 415 423 425 431 439 445 459 475 477 479 481 511 521 527 543 573 577 585 589 607 619 637 649 653 713 719 729 733 735 737 747 773 787 797 819 835 839 841 857 859 885 905 915 925 939 955 959 975 983 1023 1029 1035 1073 1087 1095 1097 1099 1111 1119 1145 
146 1 17 81 93 103 127 131 135 165 185 193 197 225 233 255 259 269 301 319 321 329 335 339 349 369 389 397 407 425 429 451 493 525 527 529 543 559 593 659 661 671 689 693 695 727 729 731 737 749 753 765 773 791 819 827 841 857 869 883 897 903 905 915 925 929 931 939 949 977 979 981 983 1049 1065 1077 1085 1103 1107 1123 1139 1143 1147 1157 1163 
147 1 5 27 37 43 51 55 57 67 77 81 85 127 131 137 155 161 185 197 205 211 231 233 251 257 263 265 267 269 283 295 309 311 313 317 319 335 339 345 359 387 503 507 513 521 527 529 553 555 557 559 563 579 583 597 607 639 679 711 739 749 781 785 805 811 853 863 865 867 895 907 939 943 953 971 1001 1025 1031 1045 1053 1069 1077 1097 1101 1145 1155 
148 
149 
150 5 15 25 51 79 91 93 105 117 127 161 163 175 207 213 225 255 277 309 317 331 363 369 399 425 447 449 463 483 485 509 519 529 545 549 571 599 635 641 661 667 671 673 679 689 693 717 723 741 745 777 805 827 829 839 863 873 919 923 933 959 967 973 989 1023 1027 1069 1081 1095 1097 1101 1115 1117 1145 1155 
151 11 45 49 67 73 75 97 101 119 143 145 151 153 157 161 171 179 203 207 217 219 245 251 255 259 263 271 277 283 285 289 293 309 317 351 355 377 399 443 445 461 463 485 489 499 523 531 547 553 565 585 603 621 623 635 647 661 671 673 687 699 707 711 727 729 735 737 741 759 767 777 779 829 833 843 853 871 903 921 925 935 947 969 1007 1011 1053 1065 1075 1119 1137 1149 1157 1159 
152 25 41 75 129 139 149 183 187 207 219 223 227 229 247 285 287 313 325 333 349 363 365 367 377 379 397 401 419 421 425 475 477 493 501 507 509 519 523 573 593 601 605 609 613 623 627 633 647 663 665 687 691 693 699 701 703 707 729 763 767 769 773 777 787 793 807 835 839 845 847 873 881 897 901 907 915 917 921 927 943 953 959 965 969 995 1003 1009 1017 1019 1049 1055 1071 1079 1081 1093 1099 1119 1139 1153 
153 5 7 11 19 25 49 61 83 107 125 143 155 161 171 185 205 217 219 235 277 287 295 307 317 321 323 341 351 383 387 391 403 405 409 425 427 443 465 471 475 477 509 515 517 531 545 553 573 589 591 601 605 609 615 625 657 659 669 693 721 741 767 773 775 783 803 805 829 865 883 927 935 941 959 961 969 987 989 995 999 1009 1017 1019 1021 1033 1075 1105 1113 1117 1127 1131 
154 
155 
156 
157 
158 27 47 51 81 87 135 165 173 201 213 215 219 231 243 251 287 291 299 321 351 375 385 387 397 431 455 457 483 485 489 551 579 581 583 597 611 631 633 641 643 649 655 665 677 689 709 713 717 719 727 735 741 753 777 793 807 813 825 827 841 849 889 895 905 907 917 921 935 939 945 959 965 1003 1029 1043 1047 1067 1077 1101 1103 1109 1147 1153 
159 
160 
161 
162 
163 
164 
165 15 55 91 123 151 165 167 169 185 197 203 221 227 235 243 265 307 329 371 373 377 383 395 413 429 445 459 463 479 493 505 511 513 515 527 529 535 549 553 555 557 573 575 577 585 603 613 617 621 633 637 647 653 685 723 727 777 819 833 837 853 857 893 915 937 949 953 959 965 987 989 995 1003 1015 1041 1099 1103 1105 1133 1139 1149 
166 
167 13 27 29 33 39 47 77 137 139 143 145 147 149 189 207 225 235 251 295 319 325 327 339 345 359 363 441 471 481 511 543 549 557 599 615 617 635 641 669 675 677 681 689 691 695 703 713 731 733 749 755 765 771 793 811 817 839 841 853 855 857 861 893 927 929 1023 1025 1029 1035 1049 1063 1081 1091 1141 1149 
168 
169 
170 
171 
172 13 15 31 37 47 69 89 127 129 131 149 159 173 185 219 223 227 263 273 325 331 333 341 343 345 357 363 369 395 407 409 411 417 429 445 455 461 463 475 479 487 489 493 497 501 503 531 547 563 593 599 605 621 629 635 661 675 703 717 729 735 769 773 781 789 793 795 809 839 857 859 867 887 899 907 909 913 953 963 967 981 987 991 1007 1021 1027 1031 1033 1035 1037 1041 1049 1059 1061 1071 1073 1095 1133 1147 1165 
173 
174 1 11 53 73 87 105 107 115 121 125 141 167 169 189 191 195 209 211 225 279 285 291 301 305 313 319 321 341 345 359 375 377 385 387 389 399 403 405 411 417 435 449 489 497 507 535 541 561 573 619 621 643 679 695 709 753 777 787 799 801 831 861 863 885 939 943 957 961 965 999 1039 1041 1063 1087 1095 1101 1115 1119 1131 1133 1135 1139 
175 
176 
177 
178 
179 
180 
181 
182 21 23 39 61 85 87 89 103 105 113 135 145 161 165 179 181 189 199 203 209 217 225 229 233 239 253 267 269 271 283 297 301 321 343 349 359 373 379 391 409 421 427 431 437 455 461 491 493 499 501 513 525 559 567 569 575 617 637 661 673 675 695 705 709 715 719 729 737 743 747 763 777 779 799 803 817 845 873 885 891 897 911 971 981 991 1029 1041 1091 1107 1115 1129 1153 
183 
184 
185 
186 
187 
188 
189 
190 5 55 97 103 111 121 173 181 185 191 203 207 215 227 269 285 297 303 309 313 367 371 379 389 401 403 435 445 463 473 491 523 545 553 557 561 577 581 585 587 593 607 631 639 645 647 665 677 679 689 707 723 727 731 737 739 743 749 755 759 773 797 819 839 865 895 901 935 955 969 979 985 989 999 1003 1015 1017 1033 1041 1063 1069 1085 1091 1133 1139 1161 
191 
192 
193 
194 
195 
196 
197 
198 1 3 13 17 21 29 33 51 57 75 81 101 115 147 161 189 205 209 219 235 243 245 253 255 257 279 303 329 331 335 355 357 369 379 405 413 417 425 445 461 505 527 529 537 547 569 583 585 603 637 649 689 697 699 789 797 801 811 815 819 833 835 853 857 861 899 903 939 947 957 969 971 1019 1027 1043 1045 1059 1101 1113 1115 1137 1147 
199 
200 
201 
202 1 23 59 79 119 129 137 169 173 195 211 213 227 229 241 247 261 279 289 315 331 339 361 365 367 379 405 431 497 567 585 589 615 635 645 653 665 667 677 679 685 689 695 699 701 707 719 725 729 757 771 781 785 805 807 827 867 869 871 873 897 901 905 909 921 925 945 953 961 971 987 1003 1009 1015 1031 1051 1059 1071 1103 1107 1111 1139 1141 1145 1149 1161 1163 
203 7 9 19 63 69 93 101 107 111 113 125 137 151 159 169 175 187 197 203 205 207 243 245 253 265 291 295 305 317 359 377 385 399 411 445 449 475 479 509 513 527 537 543 545 555 567 579 595 643 713 719 743 755 789 795 807 809 813 815 831 839 863 873 879 883 901 905 915 925 931 943 1015 1021 1043 1051 1057 1067 1069 1091 1109 1125 1165 
204 
205 
206 
207 
208 
209 1 17 21 61 69 77 89 103 113 119 159 161 165 175 189 199 227 241 247 273 277 293 305 315 339 349 355 361 369 375 393 395 413 415 417 419 447 453 467 479 503 523 549 561 563 581 599 605 615 629 633 637 643 645 673 707 721 725 739 749 755 787 797 809 819 829 845 857 889 895 903 913 927 961 979 987 1009 1017 1019 1021 1029 1035 1039 1063 1073 1075 1081 1111 1119 1131 1135 1141 1159 
210 
211 
212 17 23 35 39 47 55 69 71 77 95 127 153 157 193 195 203 217 235 237 253 265 267 273 275 283 317 331 333 353 361 363 385 393 445 469 483 485 513 535 545 551 559 581 597 605 609 613 629 659 667 671 679 693 719 739 765 773 801 813 819 839 841 845 847 859 883 889 905 913 931 953 969 983 985 1003 1009 1017 1023 1029 1041 1049 1059 1081 1127 1155 1165 
213 
214 
215 
216 
217 1 9 41 43 59 89 131 155 163 175 185 197 203 209 217 229 243 251 273 281 299 307 317 339 343 357 365 369 397 419 435 441 471 497 503 521 541 567 569 571 589 595 605 637 663 667 713 721 723 729 735 749 773 813 839 841 843 853 857 889 895 897 921 927 931 939 971 991 997 1023 1027 1051 1085 1093 1099 1103 1117 1123 1145 1165 
218 
219 
220 
221 
222 1 37 39 43 63 71 77 83 123 155 165 189 193 195 201 203 217 235 243 297 301 303 309 313 315 323 349 353 355 365 401 409 463 533 535 537 561 565 575 613 619 623 639 651 665 667 679 693 695 709 719 771 795 801 819 827 845 861 879 883 885 897 901 923 947 955 963 969 975 979 985 987 1037 1047 1051 1063 1067 1071 1075 1083 1093 1097 1121 1137 1141 1155 
223 
224 
225 
226 
227 
228 
229 
230 
231 
232 
233 
234 
235 
236 13 23 27 45 47 53 55 57 59 89 109 113 143 161 175 181 203 209 233 245 265 279 291 299 303 317 323 329 333 349 351 365 373 375 379 383 413 415 429 437 461 467 483 495 515 519 521 535 549 557 567 571 581 601 607 621 649 661 675 679 685 695 699 713 733 739 747 757 761 765 779 785 797 803 837 849 851 869 871 929 933 935 955 969 997 1001 1003 1005 1025 1029 1035 1039 1041 1045 1049 1055 1061 1063 1077 1081 1083 1103 1137 1141 1151 
237 19 21 25 37 53 65 81 87 97 129 137 155 159 165 205 215 223 237 243 259 265 267 269 277 303 313 319 371 381 391 393 431 441 451 465 471 485 511 515 519 527 547 565 571 579 595 599 617 651 653 657 659 663 665 703 707 735 739 751 753 757 773 775 779 787 805 825 833 835 855 865 897 959 991 997 1015 1019 1039 1041 1061 1075 1077 1081 1091 1093 1101 1103 1117 1127 1151 1157 
238 
239 3 5 7 11 15 17 27 103 141 145 171 173 191 201 211 219 221 245 263 265 267 269 273 287 311 371 375 379 397 407 409 423 431 453 463 471 509 511 533 539 551 553 557 589 597 623 625 627 661 677 691 695 769 779 787 791 805 807 813 827 835 837 841 871 877 883 885 887 895 919 935 979 987 991 1009 1023 1031 1051 1101 1127 
240 
241 
242 
243 
244 
245 51 89 93 107 117 123 129 153 167 169 171 183 189 197 223 225 239 291 311 313 315 325 331 365 377 393 435 451 455 475 479 493 495 509 519 533 557 581 595 601 611 627 629 657 659 671 685 729 743 767 777 807 833 841 849 875 887 899 927 933 945 949 955 961 975 977 979 997 999 1039 1057 1065 1083 1101 1131 1143 1155 1157 
246 
247 
248 
249 
250 
251 
252 9 21 55 57 119 125 149 179 187 231 233 267 291 295 305 309 351 353 357 361 369 375 383 397 403 415 433 437 445 447 449 459 483 497 527 535 547 557 579 583 597 639 655 681 685 709 713 717 723 729 749 779 807 809 811 829 849 871 873 887 897 911 917 923 933 941 959 981 987 989 995 1009 1013 1017 1025 1031 1041 1045 1057 1089 1107 1119 1123 1131 1133 1153 
253 13 19 75 83 95 97 99 101 127 135 139 163 173 189 207 259 265 275 301 311 335 351 361 365 367 381 397 433 439 449 453 461 479 507 511 517 557 559 587 607 619 621 623 631 635 639 641 645 659 665 671 675 677 719 745 755 759 771 779 795 807 813 833 835 837 855 909 919 921 923 925 937 967 973 975 985 989 1007 1011 1047 1055 1059 1073 1089 1101 1105 1119 1121 1125 1133 1137 1139 1155 1157 
254 23 55 67 81 83 99 107 115 123 133 153 161 171 173 177 183 193 203 207 227 255 269 281 287 299 303 329 363 367 391 397 403 405 431 439 445 453 455 469 577 595 605 625 633 657 673 679 689 699 701 727 755 763 769 795 797 799 805 807 813 817 823 831 861 865 881 891 895 901 913 939 1001 1023 1033 1037 1055 1057 1075 1119 1123 1147 1151 
255 
256 
257 
258 
259 
260 
261 15 31 49 55 75 81 83 93 115 119 123 135 145 149 189 191 193 201 227 239 247 263 287 289 301 303 319 323 335 347 363 377 383 393 401 407 433 461 465 467 483 495 503 513 515 533 551 567 589 593 595 613 621 629 631 657 681 721 731 735 753 757 761 765 783 833 849 851 869 873 887 897 915 921 957 991 999 1037 1039 1043 1053 1055 1081 1097 1105 1113 1121 1125 1129 1147 1151 1157 1159 
262 5 23 51 59 89 95 127 133 135 137 149 165 177 193 205 217 235 245 275 279 281 289 305 307 335 341 343 347 359 361 377 405 415 429 441 469 475 497 499 517 531 581 597 611 617 625 629 639 651 655 677 689 711 719 723 737 739 757 777 779 805 809 823 825 829 833 841 847 863 869 883 885 895 901 903 941 955 965 971 989 991 1029 1051 1063 1097 1159 
263 
264 
265 
266 
267 
268 
269 
270 
271 13 39 41 59 71 83 89 101 103 107 131 167 173 175 181 219 237 249 259 297 301 309 337 355 377 381 383 417 437 441 451 465 489 509 517 523 529 549 561 563 565 575 601 605 611 615 619 627 635 639 689 719 721 723 741 755 757 777 795 819 823 833 853 897 901 907 939 953 965 975 977 981 1029 1051 1057 1063 1071 1075 1083 1101 1125 1131 1133 1137 1161 
272 
273 15 25 57 65 77 87 109 135 163 167 173 201 231 235 237 253 255 285 313 315 321 339 355 361 365 393 427 457 465 469 473 503 511 515 521 523 565 583 593 595 617 643 657 665 681 689 691 717 761 781 787 791 809 819 881 885 903 907 911 913 919 937 975 1007 1009 1015 1047 1097 1141 1155 1157 
274 
275 
276 
277 
278 23 39 41 43 49 57 71 83 91 113 133 139 151 171 173 185 213 223 225 233 259 269 271 275 291 295 311 341 351 361 363 381 393 425 431 439 463 487 493 499 501 503 527 531 535 569 579 583 595 601 611 639 641 647 673 719 721 733 737 747 759 761 767 775 789 809 811 827 831 837 839 845 855 857 865 871 885 887 893 901 907 911 919 925 931 949 955 971 973 995 1005 1041 1047 1101 1107 1109 1119 1121 1141 1159 1161 
279 
280 
281 
282 3 15 25 41 43 49 53 63 65 81 101 107 113 121 147 181 185 193 199 201 207 215 217 233 237 247 267 275 279 285 291 303 311 321 341 391 395 407 431 435 439 467 479 481 483 487 505 517 533 537 549 551 565 569 573 585 593 595 609 611 615 623 629 633 637 661 663 669 711 719 745 751 763 767 785 787 789 799 805 825 831 879 885 889 893 945 979 999 1001 1011 1015 1021 1037 1067 1073 1081 1087 1109 1121 1123 1127 1129 1157 1165 
283 
284 
285 
286 
287 
288 
289 5 7 25 31 53 87 95 97 113 121 129 137 141 147 157 165 167 193 203 213 241 281 283 285 287 289 303 323 343 347 359 373 381 397 409 417 429 431 477 481 487 533 565 567 585 607 621 633 645 677 691 705 727 731 747 751 763 807 809 825 837 849 851 861 863 865 867 877 883 891 897 913 925 935 943 947 953 957 969 977 979 999 1001 1007 1015 1021 1023 1037 1061 1063 1079 1105 1107 1113 1139 1149 1165 
290 
291 
292 
293 
294 
295 
296 
297 
298 13 29 33 67 77 105 109 119 123 133 137 145 147 195 199 213 217 245 287 291 297 315 317 331 337 339 351 357 381 397 399 401 405 409 441 443 451 457 459 463 469 479 487 491 497 503 545 585 589 601 609 631 635 641 643 647 741 751 759 761 765 769 805 809 821 831 833 835 839 855 865 873 877 907 933 939 947 963 969 975 979 995 997 1039 1053 1055 1061 1085 1091 1097 1109 1127 1137 1155 
299 
300 
301 
302 
303 31 49 51 53 63 87 101 121 137 139 147 151 155 161 167 187 205 219 223 231 259 261 269 283 291 301 305 309 313 317 325 329 331 337 375 385 389 397 409 411 415 417 425 445 461 465 469 479 501 503 509 535 577 579 589 607 611 621 635 677 687 691 727 767 779 795 797 799 825 837 841 843 855 861 881 883 895 903 921 923 927 945 973 979 981 983 997 1001 1011 1015 1065 1101 1103 1113 1117 1125 
304 
305 
306 
307 
308 1 9 13 33 45 47 55 61 67 113 115 131 149 159 161 183 185 195 213 225 249 255 261 265 283 295 309 317 319 331 347 361 385 389 407 415 427 435 437 451 473 493 499 519 545 549 617 637 659 685 691 699 709 727 735 747 753 757 775 807 821 825 845 855 857 859 865 921 937 945 949 969 991 1023 1035 1047 1057 1071 1075 1079 1099 1109 1125 1139 1145 1147 1159 1163 1165 
309 
310 
311 7 25 59 67 75 107 113 115 117 125 135 145 149 157 161 165 167 193 203 221 233 261 277 305 321 329 349 353 375 379 429 459 477 505 511 513 515 521 523 525 541 569 585 589 603 615 619 629 635 641 649 661 685 689 699 745 767 771 779 787 793 807 825 831 833 837 853 859 863 885 893 899 921 935 937 941 957 977 1019 1077 1101 1105 1115 1117 1141 1159 
312 31 37 59 61 65 75 85 107 109 117 139 149 159 161 173 181 209 219 221 223 227 241 243 253 281 283 297 337 357 359 361 363 371 379 385 423 433 443 451 455 495 503 507 511 525 529 531 537 557 565 567 585 609 651 663 667 671 679 711 725 729 753 759 781 785 787 789 803 809 827 837 843 855 863 869 881 899 905 909 917 919 923 949 967 973 979 987 995 1003 1023 1035 1047 1069 1129 1131 1141 1159 
313 
314 
315 
316 
317 
318 
319 
320 1 17 21 23 55 61 71 73 117 133 159 167 173 177 195 197 199 207 225 243 261 263 271 281 287 317 353 355 363 385 417 433 451 467 501 511 515 521 523 527 547 563 575 587 591 597 631 641 647 655 689 705 745 765 771 773 793 817 827 845 851 853 861 865 877 893 905 919 923 927 937 941 951 953 973 975 979 989 1005 1015 1023 1041 1049 1051 1059 1065 1077 1081 1121 1155 1165 
321 
322 9 15 19 23 27 47 59 65 71 81 95 115 157 173 185 195 201 213 237 263 315 319 345 355 357 365 367 381 405 429 449 451 453 455 487 499 523 531 533 541 547 551 555 573 593 603 639 647 695 715 755 773 777 779 813 839 855 885 889 901 915 921 927 945 957 969 993 999 1001 1009 1017 1027 1053 1055 1059 1063 1071 1073 1093 1107 1117 1123 1127 1129 1161 
323 
324 
325 
326 1 17 25 35 53 63 69 81 115 127 139 151 153 157 163 169 183 185 193 213 219 223 233 237 251 253 259 265 291 295 315 325 331 343 351 393 399 401 417 421 429 431 439 459 473 477 491 493 505 507 525 557 565 573 609 611 613 637 657 669 673 683 693 703 745 761 771 811 827 873 877 885 893 897 901 911 915 921 945 947 955 961 967 991 1005 1017 1023 1027 1035 1059 1073 1079 1105 1107 1109 1123 1133 1137 1149 1151 1155 
327 
328 7 9 29 47 65 83 93 97 109 115 125 137 157 169 197 211 213 251 263 285 289 291 293 299 307 309 323 345 351 365 369 395 405 413 415 419 463 467 479 483 521 523 531 555 559 605 643 649 655 659 671 679 687 691 699 713 727 729 733 735 739 747 757 771 825 829 875 901 919 927 955 963 979 995 1019 1037 1055 1065 1073 1077 1097 1101 1105 1115 1145 1147 1163 
329 1 3 19 23 53 85 97 103 119 129 153 167 175 183 199 203 209 225 227 247 277 293 319 321 327 331 341 353 355 359 367 371 373 375 381 397 409 429 431 437 443 445 493 511 521 529 571 579 593 607 623 653 655 657 663 667 669 691 693 697 699 701 705 713 731 785 787 795 801 821 823 831 835 849 861 869 879 885 899 911 921 929 937 955 967 985 995 997 1001 1037 1039 1065 1069 1083 1085 1113 1127 1153 1157 
330 
331 
332 
333 
334 
335 
336 
337 
338 
339 
340 9 19 55 59 67 73 95 111 113 119 135 141 161 225 245 253 273 285 291 299 341 347 355 357 359 377 387 395 463 477 515 519 549 585 597 625 651 675 679 697 705 723 741 753 769 787 805 831 857 859 861 893 915 941 943 945 957 973 987 999 1001 1011 1031 1043 1095 1097 1099 1101 1107 1115 1131 1139 1141 1147 1149 1155 
341 3 21 25 43 51 69 81 83 87 91 107 115 119 135 143 175 195 199 229 253 255 265 269 271 273 283 291 303 329 339 343 345 355 361 375 379 413 415 425 441 473 481 483 495 499 501 529 537 551 555 575 585 591 605 611 617 627 645 697 707 727 729 733 735 753 755 765 851 855 857 863 873 887 895 901 915 919 929 935 951 955 965 971 1009 1019 1041 1047 1049 1059 1085 1113 1119 1121 1135 1143 1157 
342 
343 
344 3 7 21 25 35 49 57 107 111 119 123 133 135 183 185 197 207 213 225 267 275 277 285 299 305 313 325 345 353 403 417 419 451 461 465 469 479 483 493 499 543 553 555 557 575 577 623 631 661 665 667 683 693 699 717 757 783 787 799 805 833 839 841 847 887 889 967 969 975 1009 1019 1027 1031 1059 1069 1077 1089 1101 1107 1145 1155 
345 
346 
347 1 19 29 31 39 57 87 93 107 111 127 137 145 155 183 265 271 273 279 301 307 317 319 335 347 349 351 389 397 445 465 499 505 517 537 545 549 557 577 583 611 619 647 667 669 687 695 707 709 719 739 741 753 759 763 789 797 851 877 889 897 905 917 929 937 967 969 973 999 1005 1007 1013 1019 1033 1047 1061 1073 1077 1089 1093 1107 1111 1131 1135 1147 1159 
348 11 21 51 87 103 119 125 157 161 219 223 261 265 279 285 303 311 315 317 319 331 333 347 353 359 365 371 373 375 397 427 429 431 433 439 445 457 459 463 501 511 513 525 533 545 571 577 581 583 589 609 613 625 687 695 751 777 793 795 807 831 833 837 857 859 877 885 905 915 919 923 935 967 973 1015 1031 1033 1061 1073 1097 1103 1127 1149 
349 15 19 21 25 41 49 63 89 109 119 129 133 135 147 149 153 155 167 173 181 189 229 243 255 257 259 287 301 303 307 317 329 337 347 351 381 399 427 431 443 445 457 459 465 475 495 499 507 511 515 535 583 609 625 647 653 663 679 713 715 731 735 747 749 753 765 783 803 815 821 841 845 855 873 931 935 961 963 979 985 989 993 995 1001 1003 1009 1053 1055 1059 1081 1097 1099 1109 1117 1125 1129 1141 1147 
350 
351 
352 
353 35 41 43 59 71 81 83 99 113 117 157 161 177 179 181 189 191 201 205 207 209 211 215 245 255 261 269 275 277 293 299 307 319 339 345 347 351 369 381 383 391 395 409 415 433 439 441 449 485 487 489 505 519 527 535 541 547 583 585 609 617 631 643 673 679 691 697 699 705 715 723 751 759 767 779 801 803 829 835 839 875 887 923 947 969 971 981 989 1029 1047 1055 1065 1075 1083 1085 1099 1103 1111 1115 1121 1127 1135 1137 
354 
355 
356 
357 
358 
359 3 17 21 23 25 41 47 53 57 61 69 71 89 103 131 133 151 157 181 207 235 245 261 269 307 329 343 381 393 405 429 453 457 511 531 537 539 541 561 617 645 687 695 717 747 763 769 781 785 787 795 797 799 807 829 839 877 883 899 909 925 927 941 943 961 963 967 977 985 989 997 1001 1005 1009 1031 1047 1049 1077 1083 1085 1135 1137 
360 
361 
362 
363 
364 
365 
366 
367 
368 
369 
370 
371 
372 
373 
374 
375 
376 
377 
378 
379 
380 
381 
382 
383 
384 
385 
386 5 7 19 55 67 71 77 79 105 135 155 175 177 187 205 211 217 229 235 237 251 265 269 273 287 297 299 313 331 341 343 355 357 393 397 425 441 445 475 507 537 577 581 585 599 625 643 649 655 657 671 677 679 683 689 693 723 725 743 765 773 775 781 789 807 837 841 849 859 861 863 865 867 875 889 899 927 939 947 949 959 995 997 1029 1035 1061 1063 1073 1077 1121 1145 1147 1153 
387 39 53 61 87 97 109 125 139 141 187 189 197 223 237 245 263 271 279 283 293 327 333 355 359 369 381 413 455 479 507 511 517 529 531 533 537 551 581 595 597 611 613 617 625 631 637 639 641 643 667 691 713 723 733 737 741 755 763 777 789 793 811 813 815 817 827 867 913 929 933 935 939 945 955 961 975 1007 1011 1031 1041 1095 1097 1099 1101 1111 1117 1125 1143 1151 1161 1163 
388 
389 
390 
391 
392 3 23 27 31 37 53 59 107 111 135 137 157 167 177 207 217 221 291 305 331 335 347 373 383 405 409 411 415 425 429 443 449 451 453 483 487 515 521 523 529 541 549 565 571 611 619 631 635 637 673 679 699 705 717 719 735 761 763 777 779 783 791 799 831 837 857 865 899 927 941 943 979 991 993 1021 1057 1077 1083 1087 1111 1121 1143 1147 1153 1161 
393 
394 
395 7 11 23 25 37 39 55 63 91 93 101 103 105 107 153 185 187 189 225 227 229 235 247 251 255 257 263 275 357 367 373 375 383 393 405 421 447 451 453 461 473 483 493 495 517 523 537 561 563 567 589 597 607 621 643 647 649 671 745 751 755 769 773 789 799 813 815 821 825 829 853 855 857 879 883 885 889 897 905 935 951 957 959 989 999 1019 1031 1041 1061 1063 1065 1081 1085 1093 1097 1117 1123 1143 1151 1159 
396 
397 
398 
399 1 11 21 29 33 35 49 65 105 107 129 137 139 141 143 161 169 183 199 225 233 239 253 261 299 301 309 315 325 329 331 379 395 401 405 411 417 423 427 429 431 435 473 479 509 513 545 547 553 569 579 599 603 617 623 627 677 685 699 703 719 727 739 747 755 763 781 815 837 857 869 889 893 931 941 947 969 983 1003 1013 1019 1051 1069 1073 1091 1113 1137 1143 
400 
401 3 63 69 75 97 113 131 133 137 141 147 159 167 183 199 229 239 251 257 267 271 331 341 343 357 377 383 389 401 411 417 427 435 445 463 475 503 505 535 541 559 579 593 603 625 631 633 639 645 653 669 675 687 713 747 759 767 789 803 815 819 821 831 845 857 881 883 887 895 925 963 975 999 1011 1015 1017 1019 1041 1069 1083 1093 1105 1107 1117 1133 1135 1141 1145 1147 1155 
402 
403 
404 
405 
406 
407 
408 
409 3 11 13 21 51 89 91 107 119 143 155 165 185 209 211 235 241 247 253 271 273 283 297 313 317 329 337 345 347 363 373 379 391 395 423 457 461 505 507 519 527 529 543 555 561 563 567 575 583 591 595 611 623 637 641 673 687 699 715 725 741 759 773 775 797 799 803 805 823 849 861 869 877 879 885 893 895 917 927 933 949 973 1001 1003 1023 1033 1037 1039 1041 1043 1053 1067 1073 1111 1117 1125 1129 1141 1153 1165 
410 
411 
412 
413 
414 
415 3 27 31 45 53 57 65 71 83 119 123 143 155 159 187 205 225 233 245 253 261 267 279 283 295 299 301 319 401 447 497 513 539 571 575 583 585 637 639 643 645 649 671 675 717 735 761 767 769 783 811 813 823 831 843 849 855 863 869 873 885 939 951 957 959 987 1043 1045 1065 1069 1077 1089 1097 1145 1147 
416 5 7 19 27 81 95 121 125 143 167 169 177 187 209 249 255 261 309 317 325 339 345 347 349 365 371 387 389 391 407 409 419 441 461 469 479 489 511 513 525 559 561 569 575 585 587 603 605 607 609 635 643 657 695 699 707 709 711 725 735 737 763 765 781 791 795 797 805 815 829 835 927 949 977 989 1025 1031 1061 1075 1079 1087 1089 1101 1109 1115 1129 1135 1141 1145 1159 1163 
417 
418 1 17 37 57 71 75 79 93 101 105 109 113 115 129 135 145 193 195 239 255 271 297 299 351 357 359 375 377 399 423 433 443 445 453 463 475 489 521 539 541 553 579 581 591 609 611 645 647 657 669 675 709 725 729 737 781 787 793 795 817 825 827 837 859 865 895 901 903 907 917 925 933 949 965 967 969 985 1001 1003 1007 1011 1015 1031 1039 1047 1065 1069 1087 1107 1119 1131 1151 
419 
420 
421 15 27 53 55 61 69 77 79 95 105 107 119 123 147 153 185 215 249 255 283 289 299 351 357 377 385 391 393 397 413 441 469 505 539 549 563 577 589 593 601 611 619 637 641 651 669 673 687 689 693 699 715 721 731 735 737 783 795 803 813 823 833 847 849 853 857 861 867 873 877 889 897 911 919 923 931 933 945 991 999 1001 1011 1013 1015 1021 1033 1041 1045 1073 1081 1085 1087 1093 1133 1139 1143 1147 1153 1163 
422 
423 7 21 27 45 47 57 63 69 73 75 81 109 123 141 167 207 215 217 221 241 249 259 263 265 271 277 309 317 323 355 359 385 395 399 407 417 431 433 455 461 497 501 515 547 551 559 573 603 619 681 685 743 759 773 785 793 797 813 829 839 845 853 865 893 897 899 909 949 985 1003 1013 1033 1035 1063 1103 1115 1123 1155 
424 
425 35 43 45 61 65 67 91 99 101 105 109 115 119 133 145 173 205 213 221 231 243 273 361 369 373 385 393 415 451 469 475 513 523 533 537 543 557 561 565 567 569 597 603 607 619 621 645 651 659 665 709 713 721 741 747 761 767 801 807 811 819 821 829 835 841 873 885 887 895 907 915 927 941 959 967 971 977 995 997 1001 1021 1029 1045 1047 1049 1109 1117 1131 1143 1155 1159 
426 
427 
428 
429 
430 
431 5 11 17 19 67 97 127 137 157 159 161 165 187 191 197 223 229 233 245 273 277 279 291 299 327 345 351 355 357 371 383 389 399 407 421 437 445 451 479 495 515 529 589 619 621 639 655 665 681 705 725 747 767 781 799 801 805 813 833 881 889 895 909 919 929 943 953 993 1015 1017 1059 1089 1097 1115 1131 1137 1149 1159 
432 
433 
434 1 9 11 53 81 91 95 127 131 151 185 237 261 267 273 275 277 287 307 315 327 337 409 413 433 443 463 479 483 499 509 517 561 571 579 603 623 633 635 639 649 659 675 685 707 713 727 755 757 767 779 797 827 835 837 843 849 865 877 881 883 921 923 925 933 937 939 941 969 975 993 997 1023 1039 1041 1081 1091 1093 1109 1123 1133 1157 1165 
435 
436 
437 
438 17 55 77 105 119 127 137 139 145 151 155 159 175 191 197 233 243 253 317 325 345 357 391 405 409 413 421 423 427 429 445 453 475 477 545 571 591 611 615 623 643 665 737 747 761 765 787 809 813 837 853 857 873 881 885 907 921 941 953 955 973 981 983 1003 1031 1041 1045 1051 1055 1057 1071 1083 1087 1093 1101 1115 1129 1133 1163 
439 5 53 55 67 91 105 117 123 173 211 221 223 225 249 257 263 321 329 357 359 369 371 377 393 395 409 417 435 443 445 463 465 469 473 477 479 489 503 507 537 545 553 559 591 599 605 639 655 659 661 665 669 691 693 715 723 739 747 749 777 779 791 793 819 839 843 847 855 865 875 901 923 945 947 971 975 977 1007 1013 1017 1021 1033 1041 1047 1071 1097 1099 1113 1119 1121 1123 1133 1139 1147 1151 1159 
440 
441 53 55 61 63 71 97 101 103 143 145 147 163 167 207 225 239 247 251 269 309 317 329 353 373 375 379 385 439 453 461 473 485 499 511 517 535 537 557 561 563 577 579 591 593 609 615 627 631 635 637 649 651 657 659 665 677 691 721 753 777 791 795 799 807 809 813 827 831 861 875 895 905 907 941 947 963 965 987 1017 1043 1093 1095 1107 1119 1143 1153 
442 
443 
444 
445 13 21 27 89 103 127 143 165 169 177 187 235 239 261 283 301 311 333 339 363 369 383 393 405 413 453 457 471 499 527 537 543 565 585 607 635 641 663 683 699 705 747 749 763 777 779 783 791 801 809 813 841 843 851 859 883 897 913 915 921 923 925 929 933 951 989 991 1015 1023 1025 1039 1051 1063 1069 1083 1093 1101 1129 1153 
446 3 61 63 65 67 69 85 93 115 127 155 161 165 187 233 243 249 273 297 325 333 369 377 381 385 391 411 413 415 427 449 473 477 483 523 537 545 547 553 583 597 629 633 643 681 687 721 733 743 775 783 787 789 793 825 859 873 883 901 929 943 955 1005 1033 1035 1045 1051 1055 1083 1091 1107 1123 1137 1149 1151 
447 1 5 7 9 17 41 43 57 61 75 89 93 133 137 143 147 159 165 193 199 201 211 231 239 261 263 271 273 279 311 357 371 373 375 377 427 449 457 469 509 513 543 557 561 581 589 595 601 609 617 641 657 665 671 673 685 691 705 711 743 745 747 751 779 809 859 861 885 889 895 915 925 931 957 963 979 981 1001 1005 1007 1009 1011 1063 1065 1081 1085 1093 1107 1113 1145 1147 1149 
448 
449 
450 
451 
452 
453 1 7 11 23 55 109 111 125 139 165 179 193 209 211 215 219 223 241 249 279 281 293 295 305 309 313 333 361 401 405 431 441 451 479 485 517 521 527 551 561 571 581 599 601 645 667 691 711 729 739 761 763 815 855 859 865 879 883 907 913 927 941 967 983 993 1003 1007 1037 1039 1055 1081 1099 1103 1107 1113 1121 1123 1125 1135 1139 1153 
454 19 21 25 33 65 81 113 149 165 177 187 191 199 237 241 249 261 271 275 289 305 319 343 345 351 353 401 405 407 417 425 433 457 461 477 487 495 539 553 559 567 571 575 637 649 657 669 693 723 727 729 733 773 783 799 805 813 853 859 869 901 911 913 923 935 937 939 983 997 1011 1027 1051 1057 1067 1077 1089 1101 1129 1153 1157 1161 
455 
456 
457 
458 3 19 21 31 71 87 117 119 121 131 135 151 157 179 181 203 207 215 229 231 259 261 297 327 375 415 429 461 465 475 477 479 483 487 525 551 557 563 577 579 621 667 675 681 695 699 703 715 739 749 767 781 783 799 809 825 831 833 839 845 853 863 877 897 921 923 961 965 969 971 975 983 989 993 999 1001 1005 1013 1027 1041 1045 1051 1075 1087 1099 1133 1135 1139 1159 
459 
460 
461 
462 
463 3 11 51 99 115 127 131 151 155 173 185 189 195 225 235 273 283 289 303 313 321 327 335 369 375 405 411 419 421 427 457 459 469 479 485 491 515 523 531 537 545 561 563 567 569 595 617 623 637 643 647 653 663 693 737 743 791 799 831 835 853 865 881 891 913 929 937 943 947 981 1001 1005 1011 1013 1037 1041 1059 1063 1067 1079 1093 1111 1141 
464 
465 
466 
467 3 81 105 109 157 161 165 167 175 187 199 209 213 235 237 243 255 265 281 295 307 309 311 319 341 347 367 389 405 413 421 429 439 441 445 453 457 459 461 465 471 479 487 491 499 503 529 531 535 541 565 579 583 605 611 621 629 643 649 667 679 707 709 743 749 765 821 843 847 857 867 869 877 889 891 895 931 937 945 949 959 967 977 979 987 1035 1039 1055 1075 1077 1089 1095 1097 1103 1119 1125 1129 1133 1141 1151 
468 5 11 15 23 47 55 59 87 89 101 113 137 139 141 145 155 159 165 187 201 223 247 253 263 295 315 323 361 363 383 415 429 437 459 461 467 479 481 485 495 531 545 599 605 619 645 663 677 701 705 711 745 753 757 759 779 787 819 839 865 869 881 901 909 923 927 951 967 975 977 979 991 1007 1053 1065 1091 1105 1113 1139 
469 3 37 45 47 57 59 83 95 99 119 125 151 183 189 191 195 203 205 207 243 269 291 295 307 309 321 327 335 375 379 381 415 431 433 445 451 453 455 477 511 541 561 585 587 601 617 637 639 663 677 705 711 733 777 785 791 795 797 803 811 821 823 845 905 923 943 949 951 965 967 979 985 993 1013 1033 1057 1077 1097 1119 1123 
470 
471 1 9 17 19 23 49 55 65 111 133 139 143 173 179 193 211 217 229 231 233 261 265 275 281 297 299 321 327 331 335 345 349 355 357 377 383 401 403 409 413 421 435 439 491 503 527 531 553 567 579 583 591 597 599 605 621 643 657 663 675 687 699 703 709 715 743 755 769 775 789 797 799 801 809 813 833 847 855 859 873 881 887 891 897 903 907 913 917 937 957 975 983 997 999 1009 1019 1037 1051 1073 1083 1085 1087 1091 1109 1161 1165 
472 
473 
474 
475 
476 
477 19 41 47 65 83 87 99 125 131 133 137 149 181 193 197 239 259 267 293 299 301 331 337 351 355 365 375 377 379 401 413 417 447 461 469 481 487 501 511 515 519 523 529 537 551 563 567 591 593 599 607 613 627 633 647 651 665 691 707 729 763 767 807 823 825 875 879 883 905 909 913 935 939 955 969 983 987 995 1019 1021 1049 1103 1109 1115 
478 
479 
480 
481 
482 
483 
484 
485 
486 3 7 15 35 65 95 99 107 139 165 207 221 225 237 263 277 299 303 319 323 329 341 361 365 375 381 383 423 435 451 455 459 471 479 497 529 531 541 551 553 555 573 579 591 621 627 631 633 635 645 655 671 697 723 743 751 809 823 827 835 839 883 893 911 917 929 955 975 977 979 983 985 991 995 1023 1049 1057 1065 1083 1087 1093 1129 1151 1153 
487 
488 
489 3 35 37 49 57 101 145 149 157 161 195 229 251 283 289 291 309 327 341 371 441 443 467 479 481 489 499 531 585 591 607 629 631 635 637 647 663 673 677 697 741 793 799 807 823 827 831 849 885 895 923 925 935 961 971 973 979 981 997 1007 1013 1023 1033 1035 1043 1055 1063 1065 1079 1091 1103 1107 1123 1131 1149 1155 1159 1163 
490 
491 
492 
493 
494 
495 
496 
497 
498 
499 
500 
501 
502 25 37 41 53 81 141 147 171 183 187 205 211 213 251 273 293 315 327 335 341 345 361 371 397 421 445 461 479 493 507 517 531 559 567 579 583 599 629 631 657 665 681 693 701 711 721 723 729 757 763 767 769 783 795 841 853 861 865 867 877 879 881 915 919 921 923 929 945 947 959 973 977 993 1007 1013 1017 1035 1043 1067 1073 1103 1121 1123 1155 1159 
503 3 37 51 61 63 77 83 97 129 135 139 149 151 163 173 183 237 239 251 275 289 307 353 375 377 387 417 421 423 433 441 459 463 473 485 533 541 577 619 639 647 693 701 715 761 773 775 791 813 817 825 835 841 843 855 861 873 877 883 891 893 921 947 969 983 1007 1011 1013 1043 1051 1071 1079 1097 1099 1145 1159 
504 
505 
506 21 81 125 145 151 177 183 213 219 223 245 267 289 353 361 383 387 409 449 465 475 493 519 531 553 557 563 569 575 593 595 601 605 607 615 621 631 637 655 665 671 681 691 701 709 719 729 745 755 761 769 775 809 823 887 891 897 903 919 959 987 995 1039 1067 1069 1093 1109 1115 1129 1131 1139 1153 1157 1165 
507 
508 
509 
510 7 9 35 41 47 53 71 83 93 121 135 151 177 211 213 221 237 251 259 263 287 319 321 325 331 339 353 377 397 399 411 417 425 441 445 481 497 503 505 513 523 539 541 559 575 585 599 607 633 635 655 663 665 669 703 705 715 727 763 765 783 803 811 815 823 881 895 905 911 913 933 941 959 963 983 1005 1033 1039 1091 1095 1105 1107 1109 1115 1129 1133 
511 
512 31 35 41 51 79 81 87 103 141 163 171 225 231 241 263 267 269 291 309 311 319 323 325 359 413 417 429 491 493 497 499 507 509 511 521 525 535 609 617 623 633 641 661 669 675 683 685 703 715 717 719 733 741 745 749 753 777 781 807 835 837 851 855 879 887 911 927 931 935 947 949 953 955 969 981 1001 1021 1027 1051 1059 1063 1067 1111 1133 1157 
513 
514 41 63 69 71 75 85 89 99 119 125 133 147 163 165 173 187 191 223 233 289 291 307 315 391 397 401 423 445 459 463 467 483 499 501 523 531 535 541 545 561 565 571 577 593 639 641 657 663 667 679 697 703 709 723 725 743 747 765 771 793 795 813 821 837 845 847 861 905 911 913 941 947 951 961 991 1003 1011 1013 1019 1023 1027 1041 1045 1065 1071 1073 1083 1097 1109 1131 1145 
515 7 15 43 73 75 79 117 119 129 145 151 193 199 209 223 243 251 255 261 277 311 315 371 379 387 395 401 415 427 437 441 449 511 531 545 547 553 571 583 601 619 655 679 691 693 711 731 737 773 799 831 863 881 883 891 915 921 945 953 963 971 975 979 985 1005 1007 1019 1035 1045 1053 1095 1097 1119 1123 1127 1135 1165 
516 
517 11 15 33 39 53 55 75 79 109 113 115 125 135 143 155 177 183 223 225 231 233 255 259 267 277 281 297 313 329 331 341 355 357 361 367 377 383 385 389 401 407 427 433 435 469 471 475 491 497 507 519 565 581 593 603 609 611 617 629 641 643 645 651 669 673 677 687 699 701 711 713 721 745 747 761 771 781 785 803 823 853 871 873 899 901 903 929 945 947 969 997 1005 1025 1035 1037 1043 1073 1099 1103 1105 1119 1127 1131 1137 1161 
518 
519 
520 
521 9 45 67 79 99 115 137 147 151 155 159 161 171 173 235 237 255 271 291 307 311 313 319 327 337 341 373 375 385 395 403 409 411 427 433 455 457 465 473 477 479 521 523 525 553 573 585 591 599 603 605 611 617 645 661 667 687 693 697 699 709 719 751 761 765 767 797 799 823 847 853 877 883 885 895 897 939 941 943 953 1011 1075 1091 1097 1099 1139 
522 
523 
524 
525 
526 
527 
528 1 5 39 57 59 75 87 107 135 141 147 153 187 193 195 215 223 239 249 259 267 283 289 313 327 329 339 341 353 357 363 367 371 377 397 413 447 449 461 469 475 497 507 509 521 531 549 557 561 579 581 629 643 647 649 661 665 679 683 697 713 729 745 755 767 793 795 803 811 815 821 847 851 855 867 873 883 891 907 955 963 1011 1019 1021 1033 1059 1079 1087 1099 1103 1127 
529 
530 11 21 23 25 43 51 53 57 145 147 153 159 179 195 203 211 213 221 225 233 243 249 273 279 307 331 357 377 381 431 435 439 445 471 479 497 519 527 543 555 565 569 583 585 607 655 659 661 663 681 685 701 711 715 723 729 731 743 747 755 757 775 779 807 809 833 853 861 881 885 899 901 915 917 939 945 977 1029 1051 1067 1069 1087 1109 1115 1123 1135 1143 1155 
531 
532 
533 
534 
535 
536 9 15 27 29 31 33 45 53 79 91 95 97 113 125 135 139 149 153 173 197 201 219 231 239 251 263 273 279 283 295 331 341 345 347 357 359 381 389 399 427 433 471 509 513 525 561 573 605 615 625 633 671 701 725 785 787 803 807 809 845 877 879 889 891 897 917 945 947 981 983 987 989 1019 1025 1043 1049 1053 1067 1099 1105 1111 1127 1131 1143 
537 
538 
539 
540 
541 3 27 35 43 49 53 63 73 75 77 83 89 109 153 179 209 231 237 241 275 281 297 299 311 323 349 393 395 423 427 429 431 433 461 467 485 487 491 501 503 521 523 531 547 577 581 595 601 607 615 643 649 689 697 711 729 739 753 797 805 829 833 845 857 861 883 893 905 907 911 959 967 969 971 1029 1039 1047 1055 1059 1087 1091 1099 1107 1113 1115 1137 
542 
543 7 13 17 19 79 93 129 131 137 185 201 217 221 227 231 233 271 277 289 291 297 309 313 317 341 343 349 353 359 381 387 397 399 405 407 411 413 427 429 437 451 461 463 469 501 517 559 563 565 569 583 585 599 651 657 665 667 701 703 735 753 771 791 803 819 821 833 837 863 873 875 885 923 967 983 995 1009 1019 1027 1045 1047 1057 1065 1067 1077 1089 1105 1115 1123 
544 1 19 23 29 45 71 83 85 87 135 137 145 163 171 177 211 249 265 269 277 297 307 311 315 319 323 371 395 409 413 423 427 439 443 471 493 519 523 539 541 543 563 593 603 605 617 619 625 633 641 661 707 713 731 733 739 749 761 767 799 815 829 831 833 843 873 883 895 921 933 941 945 949 957 967 989 1015 1017 1029 1031 1033 1037 1059 1077 1089 1103 1123 1125 1133 1157 
545 
546 
547 17 27 33 49 67 81 125 127 129 153 155 201 219 227 241 255 267 275 277 315 325 357 379 395 397 403 431 443 447 499 501 515 519 539 551 563 569 595 605 625 639 641 653 655 673 701 715 717 719 741 759 773 791 803 829 851 853 863 881 897 917 925 927 933 937 959 961 979 993 995 1003 1015 1027 1037 1049 1053 1067 1089 1091 1099 1123 1145 
548 
549 19 25 45 53 57 59 127 129 155 167 187 201 205 225 237 239 257 263 265 269 281 307 313 335 375 387 393 397 451 465 483 493 501 563 583 591 603 629 631 639 645 651 653 665 673 677 679 691 707 709 713 727 741 781 805 815 823 829 835 845 857 859 879 881 901 923 935 945 963 979 1011 1033 1043 1057 1059 1087 1093 1099 1105 1133 1137 1145 
550 
551 
552 
553 9 17 19 31 33 41 43 73 89 103 137 139 149 157 165 167 203 227 229 237 239 275 285 289 307 313 315 351 357 363 371 379 389 407 421 425 435 445 447 463 505 527 531 551 571 573 593 621 641 661 675 687 705 719 747 749 761 763 777 779 787 789 801 805 835 843 851 903 909 915 923 925 967 971 981 985 1025 1029 1043 1051 1055 1075 1077 1079 1089 1091 1099 1153 
554 1 17 47 147 169 179 219 239 245 247 275 299 301 311 359 361 391 403 425 443 447 457 461 493 509 547 559 565 571 625 627 653 673 675 677 681 683 689 695 703 721 739 741 761 769 779 789 815 857 861 867 871 887 891 895 897 917 931 953 957 961 965 973 975 979 981 983 985 1001 1039 1049 1051 1063 1083 1087 1111 1133 1145 1157 1161 
555 
556 
557 13 15 17 19 73 77 103 105 107 113 123 149 155 161 163 177 203 231 269 289 295 303 315 323 327 331 337 349 353 355 381 383 395 415 451 463 475 489 491 511 523 531 551 557 559 591 601 605 609 619 641 647 659 665 677 699 703 729 787 835 841 855 879 887 891 913 921 925 957 959 965 975 993 1009 1021 1025 1041 1057 1067 1083 1087 1091 1105 1107 1109 1113 1115 
558 17 23 27 31 33 37 41 47 57 59 79 85 95 119 125 135 155 209 215 229 247 261 313 325 345 361 383 391 407 411 469 485 495 497 511 535 569 577 591 597 599 601 605 661 675 681 683 689 691 693 709 711 765 767 781 791 821 845 857 885 903 909 941 945 955 957 997 1017 1031 1039 1041 1045 1071 1073 1075 1087 1091 1097 1113 1115 1133 1135 
559 
560 9 59 81 107 141 159 181 185 225 239 247 255 265 267 269 277 279 281 283 291 293 313 317 321 325 341 421 435 443 475 481 503 525 545 569 607 613 617 627 633 659 669 681 687 749 757 761 813 823 833 843 857 873 881 883 895 903 913 957 981 987 1009 1011 1013 1015 1019 1033 1053 1067 1075 1101 1103 1113 1149 1151 
561 
562 17 27 29 31 39 55 63 67 115 117 133 141 173 177 211 221 233 241 253 281 287 299 305 317 321 343 375 395 399 421 427 457 471 479 497 511 523 539 543 551 557 567 569 571 591 597 599 617 629 631 639 645 657 695 705 707 709 717 719 721 733 735 741 749 755 767 801 831 837 839 841 869 879 897 905 925 947 949 951 967 995 997 1007 1025 1041 1047 1085 1105 1113 1121 1137 
563 
564 
565 
566 
567 
568 
569 15 37 65 77 83 155 227 229 233 259 273 279 293 307 337 353 369 383 387 409 413 419 435 443 449 455 483 485 523 535 545 595 619 623 625 629 667 677 737 739 745 757 763 767 785 813 873 879 885 917 951 953 977 979 987 1013 1019 1041 1069 1081 1087 1093 1109 1129 1135 1145 
570 
571 
572 
573 
574 
575 
576 
577 
578 
579 
580 
581 5 29 35 53 61 69 89 97 119 143 161 165 183 193 215 231 241 257 275 277 289 325 327 343 355 363 387 391 405 419 431 441 445 457 467 479 517 535 547 549 599 601 617 627 629 635 643 655 659 713 721 723 741 743 757 785 797 821 825 833 847 861 867 875 899 919 951 977 1019 1025 1057 1059 1067 1085 1103 1115 1117 1131 1141 1143 
582 1 3 19 49 63 77 105 115 137 143 147 157 177 185 187 227 241 281 283 303 319 327 333 335 341 349 357 371 373 381 413 419 441 447 449 461 469 479 485 495 503 529 547 567 607 621 625 627 639 647 659 667 671 683 691 699 701 707 711 717 723 735 753 757 765 767 781 793 821 839 863 867 873 881 889 893 899 905 919 921 927 943 949 951 953 959 965 967 969 985 995 1007 1047 1049 1059 1069 1071 1101 1137 1153 
583 
584 
585 
586 3 9 11 17 23 35 49 51 55 57 59 65 81 95 101 115 155 165 169 171 187 209 239 273 287 307 313 315 333 355 385 399 405 417 433 457 463 479 489 497 507 523 527 567 583 599 609 613 617 619 643 689 691 699 701 703 711 735 737 751 773 783 807 813 823 837 851 865 873 887 891 897 921 925 935 941 979 987 991 993 1011 1017 1023 1083 1111 1119 1137 1149 1151 1157 1159 
587 
588 
589 
590 
591 
592 
593 
594 
595 
596 7 19 25 43 47 55 67 69 71 77 91 109 131 143 153 159 163 183 203 205 223 225 229 253 267 279 291 299 307 317 325 339 383 399 405 409 423 425 447 465 531 555 567 579 599 619 623 645 651 659 707 713 725 741 755 787 791 845 855 865 889 907 915 923 937 949 955 973 975 1005 1025 1033 1035 1045 1057 1063 1067 1071 1087 1101 1115 1131 1133 1135 1163 
597 
598 
599 
600 
601 
602 
603 
604 
605 
606 
607 
608 
609 
610 17 27 41 47 81 89 91 97 101 103 105 117 129 141 161 163 171 177 191 199 257 263 271 291 295 315 323 333 343 367 369 373 375 387 407 425 473 517 523 527 529 531 545 551 573 581 591 617 623 633 645 657 661 663 669 673 685 689 693 705 717 763 769 789 797 821 825 849 853 857 867 885 903 907 909 911 915 919 923 979 985 1011 1019 1021 1047 1053 1071 1093 1103 1113 1129 1131 1153 
611 
612 
613 3 17 19 25 27 61 85 91 103 135 151 153 215 221 257 279 295 307 315 323 331 335 339 343 347 371 377 401 419 421 459 481 487 541 551 565 585 595 601 607 633 639 653 663 665 681 689 703 709 713 715 731 749 757 761 771 773 785 813 821 831 843 853 861 909 919 933 951 963 965 981 1003 1023 1037 1053 1099 1123 
614 15 21 25 33 45 55 61 67 99 103 129 145 149 153 169 173 199 201 209 213 243 261 285 293 305 315 323 331 351 355 371 421 423 425 441 443 459 493 521 539 547 567 577 601 605 629 631 637 703 737 741 745 779 785 787 795 799 843 875 879 907 919 923 975 985 993 1021 1023 1027 1037 1047 1051 1069 1079 1081 1083 1085 1089 1115 1151 
615 
616 
617 
618 
619 
620 
621 9 11 17 19 31 37 47 51 55 69 93 105 141 155 159 169 171 179 181 189 201 211 217 239 261 267 273 295 325 331 367 377 381 391 405 407 417 427 463 465 467 471 491 497 561 593 605 607 621 633 637 657 659 671 711 727 767 771 783 795 803 809 829 831 835 849 867 881 905 917 931 937 941 945 949 983 999 1073 1075 1081 1095 1111 1131 1139 1143 1147 
622 5 7 9 11 27 33 55 65 67 79 103 105 109 119 169 177 195 239 265 283 359 375 383 401 405 413 421 427 431 441 449 477 497 499 513 535 539 567 573 579 587 597 599 603 611 613 647 649 659 661 673 675 677 685 705 709 729 749 771 775 787 789 845 863 873 877 879 887 889 891 893 907 917 927 935 967 971 993 997 999 1001 1017 1045 1049 1071 1091 1107 1109 1113 1151 1159 
623 9 15 19 29 45 57 63 73 75 85 91 109 121 145 147 153 157 167 195 209 223 233 237 243 247 249 295 303 331 339 341 353 363 381 385 389 397 413 415 421 423 425 431 433 455 457 469 471 485 503 515 533 553 583 591 595 619 623 655 659 709 721 733 735 757 771 805 815 823 829 837 857 879 881 891 905 911 917 927 967 971 997 1001 1015 1019 1033 1091 1105 1111 1123 1149 1151 1159 
624 
625 
626 
627 
628 
