0 
1 23 24 25 26 27 28 53 54 55 56 57 58 83 84 85 86 87 88 156 157 158 159 160 161 162 163 164 165 166 167 168 169 170 171 172 173 174 175 186 187 188 189 190 191 192 193 194 195 196 197 198 199 200 201 202 203 204 205 216 217 218 219 220 221 222 223 224 225 226 227 228 229 230 231 232 233 234 235 176 177 178 179 206 207 208 209 275 276 277 278 279 280 281 282 283 305 306 307 308 309 310 311 312 313 
2 
3 
4 
5 155 156 157 158 159 160 161 162 163 164 165 166 167 168 169 170 185 186 187 188 189 190 191 192 193 194 195 196 197 198 199 200 184 214 215 216 217 218 219 220 221 222 223 224 225 226 227 228 244 245 246 247 248 249 250 251 252 253 254 255 256 257 258 270 271 272 273 274 275 276 277 278 279 280 281 282 283 300 301 302 303 304 305 306 307 308 309 310 311 312 313 330 331 332 333 334 335 336 337 338 339 340 341 342 343 
6 
7 
8 
9 
10 
11 
12 
13 13 14 15 16 17 18 19 20 21 22 23 24 25 26 27 28 29 43 44 45 46 47 48 49 50 51 52 53 54 55 56 57 58 59 73 74 75 76 77 78 79 80 81 82 83 84 85 86 87 88 89 93 94 95 96 97 98 99 100 101 123 124 125 126 127 128 129 130 131 153 154 155 156 157 158 159 160 161 169 170 171 172 173 174 175 176 177 178 179 195 196 197 198 199 200 201 202 203 225 226 227 228 229 230 231 232 233 255 256 257 258 259 260 261 262 263 204 205 206 207 208 209 234 235 236 237 238 239 264 265 266 267 268 269 
14 
15 
16 162 163 164 165 166 167 168 169 170 171 172 173 174 175 176 177 178 179 192 193 194 195 196 197 198 199 200 201 202 203 204 205 206 207 208 209 
17 
18 
19 18 19 20 21 22 23 24 25 26 27 28 29 48 49 50 51 52 53 54 55 56 57 58 59 78 79 80 81 82 83 84 85 86 87 88 89 31 32 33 34 35 36 37 38 39 40 41 42 43 44 45 46 47 61 62 63 64 65 66 67 68 69 70 71 72 73 74 75 76 77 91 92 93 94 95 96 97 98 99 100 101 102 103 104 105 106 107 108 109 110 111 133 134 135 136 137 138 139 140 141 142 143 144 145 146 147 148 149 163 164 165 166 167 168 169 170 171 172 173 174 175 176 177 178 179 193 194 195 196 197 198 199 200 201 202 203 204 205 206 207 208 209 
20 
21 
22 
23 61 62 63 64 65 66 67 68 69 70 71 72 73 74 75 76 77 78 79 80 81 82 83 84 85 86 87 91 92 93 94 95 96 97 98 99 100 101 102 103 104 105 106 107 108 109 110 111 112 113 114 115 116 117 168 169 170 171 172 173 174 175 199 200 229 230 201 202 203 204 205 231 232 233 234 235 290 291 292 293 294 295 296 320 321 322 323 324 325 326 297 298 299 327 328 329 357 358 359 350 351 352 353 354 355 356 
24 39 40 41 42 43 44 45 46 47 48 49 50 51 52 53 54 55 56 69 70 71 72 73 74 75 76 77 78 79 80 81 82 83 84 85 86 87 88 89 106 107 108 109 110 111 112 113 114 115 116 117 118 119 200 201 202 203 204 205 206 207 208 209 230 231 232 233 234 235 236 237 238 239 
25 278 279 308 309 338 339 
26 42 43 44 45 46 47 48 49 50 51 52 53 54 55 56 57 58 59 72 73 74 75 76 77 78 79 80 81 82 83 84 85 86 87 88 89 102 103 104 105 106 107 108 109 110 111 112 113 114 115 116 117 118 119 142 143 144 145 146 147 148 149 194 195 196 197 198 199 200 201 202 203 204 205 206 207 208 209 224 225 226 227 228 229 230 231 232 233 234 235 236 237 238 239 254 255 256 257 258 259 260 261 262 263 264 265 266 267 268 269 297 298 299 302 303 304 305 306 307 308 309 310 311 312 313 314 315 316 317 318 319 320 321 332 333 334 335 336 337 338 339 340 341 342 343 344 345 346 347 348 349 350 351 
27 
28 
29 
30 155 156 157 158 159 160 
31 
32 
33 
34 
35 
36 
37 
38 214 215 216 217 218 219 220 221 222 223 224 225 226 227 228 229 230 231 244 245 246 247 248 249 250 251 252 253 254 255 256 257 258 259 260 261 274 275 276 277 278 279 280 281 282 283 284 285 286 287 288 289 290 291 292 304 305 306 307 308 309 310 311 312 313 314 315 316 317 318 319 320 321 322 334 335 336 337 338 339 340 341 342 343 344 345 346 347 348 349 350 351 352 353 354 355 356 357 358 359 
39 
40 
41 26 27 28 29 40 41 42 43 44 45 146 176 
42 342 
43 146 147 148 149 176 177 178 179 183 184 185 296 297 298 299 
44 193 194 195 196 197 198 199 200 201 202 203 235 236 237 238 239 265 266 267 268 269 243 244 245 246 273 274 275 276 303 304 305 306 309 310 339 340 321 322 323 324 325 326 327 328 329 351 352 353 354 355 356 357 358 359 
45 
46 
47 56 57 58 59 86 87 88 89 116 117 118 119 212 213 214 215 216 217 218 219 220 221 222 223 224 225 274 275 276 277 278 279 280 281 282 283 284 285 286 287 288 289 290 291 292 293 294 295 296 297 298 299 304 305 306 307 308 309 310 311 312 313 314 315 316 317 318 319 320 321 322 323 324 325 326 327 328 329 334 335 336 337 338 339 340 341 342 343 344 345 346 347 348 349 350 351 352 353 354 355 356 357 358 359 
48 
49 
50 
51 
52 
53 
54 170 171 172 173 174 175 176 177 178 179 200 201 202 203 204 205 206 207 208 209 230 231 232 233 234 235 236 237 238 239 325 326 327 328 329 355 356 357 358 359 
55 
56 
57 
58 
59 
60 
61 
62 
63 17 18 19 20 21 22 23 24 25 26 27 28 29 50 51 52 53 54 55 56 57 58 59 80 81 82 83 84 85 86 87 88 89 110 111 112 113 114 115 116 117 118 119 101 102 103 104 105 106 107 108 109 131 132 133 134 135 136 137 138 139 140 141 142 143 144 145 146 147 148 149 161 162 163 164 165 166 167 168 169 170 171 172 173 174 175 176 177 178 179 190 191 192 193 194 195 196 197 198 199 200 201 202 203 204 205 206 207 208 209 220 221 222 223 224 225 226 227 228 229 230 231 232 233 234 235 236 237 238 239 272 273 274 275 276 277 278 279 280 281 282 283 284 285 286 287 288 302 303 304 305 306 307 308 309 310 311 312 313 314 315 316 317 318 332 333 334 335 336 337 338 339 340 341 342 343 344 345 346 347 348 328 329 
64 
65 
66 
67 
68 136 137 138 139 140 141 142 143 144 145 146 147 148 149 166 167 168 169 170 171 172 173 174 175 176 177 178 179 196 197 198 199 200 201 202 203 204 205 206 207 208 209 224 225 226 227 228 229 230 231 232 233 234 235 236 237 238 239 258 259 260 261 262 263 264 265 266 267 268 269 289 290 291 292 293 294 295 296 297 298 299 274 275 276 277 278 279 280 281 282 283 304 305 306 307 308 309 310 311 312 313 334 335 336 337 338 339 340 341 342 343 
69 
70 
71 
72 
73 
74 
75 
76 6 7 8 9 10 11 12 13 14 15 16 17 18 19 20 21 36 37 38 39 40 41 42 43 44 45 46 47 48 49 50 51 66 67 68 69 70 71 72 73 74 75 76 77 78 79 80 81 26 27 28 29 56 57 58 59 60 61 62 63 64 65 90 91 92 93 94 95 96 97 98 99 100 101 234 235 236 237 238 239 264 265 266 267 268 269 294 295 296 297 298 299 285 286 287 288 289 290 291 292 293 315 316 317 318 319 320 321 322 323 324 325 326 327 328 329 345 346 347 348 349 350 351 352 353 354 355 356 357 358 359 
77 
78 
79 
80 
81 
82 
83 78 79 80 81 82 83 84 85 86 87 88 89 108 109 110 111 112 113 114 115 116 117 118 119 138 139 140 141 142 143 144 145 146 147 148 149 
84 
85 
86 
87 
88 
89 84 85 86 87 88 89 192 193 194 195 196 197 198 199 200 201 202 203 204 205 206 207 208 209 229 230 231 232 233 234 235 236 237 238 239 259 260 261 262 263 264 265 266 267 268 269 289 290 291 292 293 294 295 296 297 298 299 312 313 314 315 316 
90 68 69 70 71 72 73 74 75 76 77 78 79 80 81 98 99 100 101 102 103 104 105 106 107 108 109 110 111 82 83 84 85 86 87 88 89 112 113 114 115 116 117 118 119 130 131 132 133 134 135 136 137 138 139 140 141 142 143 144 145 146 147 148 149 90 91 92 93 94 95 96 97 120 121 122 123 124 125 126 127 128 129 150 151 152 153 154 155 156 157 158 159 160 161 162 163 164 165 166 167 303 304 305 306 307 308 309 310 311 312 313 314 315 316 317 318 319 320 321 322 323 324 325 326 327 328 329 333 334 335 336 337 338 339 340 341 342 343 344 345 346 347 348 349 350 351 352 353 354 355 356 357 358 359 
91 
92 
93 72 73 74 102 103 104 94 95 96 97 98 99 100 124 125 126 127 128 129 130 207 208 209 237 238 239 304 305 306 307 308 309 334 335 336 337 338 339 
94 
95 
96 176 177 178 179 206 207 208 209 236 237 238 239 
97 
98 
99 
100 
101 7 8 9 10 37 38 39 40 93 94 95 96 97 98 99 100 101 102 103 104 105 106 107 108 109 110 111 112 113 114 115 116 117 118 119 135 136 137 138 139 140 141 142 143 144 145 146 147 148 149 165 166 167 168 169 170 171 172 173 174 175 176 177 178 179 
102 
103 
104 55 56 57 58 59 85 86 87 88 89 117 118 119 147 148 149 177 178 179 316 317 318 319 320 321 322 323 324 325 
105 
106 
107 5 6 7 8 9 10 11 12 13 14 15 16 17 18 35 36 37 38 39 40 41 42 43 44 45 46 47 48 65 66 67 68 69 70 71 72 73 74 75 76 77 78 19 20 21 22 23 24 25 26 27 28 29 244 245 246 247 248 249 250 251 252 253 254 255 256 257 258 274 275 276 277 278 279 280 281 282 283 284 285 286 287 288 304 305 306 307 308 309 310 311 312 313 314 315 316 317 318 
108 
109 43 44 45 46 47 48 49 50 51 73 74 75 76 77 78 79 80 81 103 104 105 106 107 108 109 110 111 112 134 135 136 137 138 139 140 141 142 164 165 166 167 168 169 170 171 172 119 186 187 188 189 190 191 192 193 194 195 216 217 218 219 220 221 222 223 224 225 246 247 248 249 250 251 252 253 254 255 196 197 198 199 200 201 202 203 204 205 206 207 208 209 233 234 235 236 237 238 239 277 278 279 280 
110 48 49 50 51 52 53 54 55 56 57 58 59 78 79 80 81 82 83 84 85 86 87 88 89 108 109 110 111 112 113 114 115 116 117 118 119 128 129 130 131 132 133 134 158 159 160 161 162 163 164 172 173 174 175 176 177 178 179 202 203 204 205 206 207 208 209 200 201 239 269 
111 
112 151 152 181 182 292 293 294 295 296 297 298 299 322 323 324 325 326 327 328 329 
113 10 11 12 307 308 309 310 311 312 313 314 315 316 317 318 319 337 338 339 340 341 342 343 344 345 346 347 348 349 
114 
115 43 44 45 46 47 48 49 50 51 52 53 54 73 74 75 76 77 78 79 80 81 82 83 84 183 184 185 186 187 188 189 190 191 192 193 194 195 196 197 198 199 200 201 202 213 214 215 216 217 218 219 220 221 222 223 224 225 226 227 228 229 230 231 232 266 267 268 269 282 283 284 285 286 287 288 289 290 291 292 293 294 295 296 312 313 314 315 316 317 318 319 320 321 322 323 324 325 326 
116 
117 
118 
119 
120 
121 106 107 290 291 292 293 294 295 296 297 298 299 320 321 322 323 324 325 326 327 328 329 350 351 352 353 354 355 356 357 358 359 343 344 345 346 347 348 349 
122 
123 
124 
125 
126 
127 
128 27 28 29 57 58 59 240 241 242 243 244 245 246 247 248 249 250 251 252 253 254 255 256 257 258 259 260 261 262 263 264 265 281 282 283 284 285 311 312 313 314 315 323 324 325 326 327 353 354 355 356 357 
129 
130 
131 
132 
133 
134 182 183 184 185 186 187 188 189 190 191 192 193 194 195 196 197 198 199 200 201 202 203 204 205 212 213 214 215 216 217 218 219 220 221 222 223 224 225 226 227 228 229 230 231 232 233 234 235 258 259 260 261 262 263 264 265 266 267 288 289 290 291 292 293 294 295 296 297 318 319 320 321 322 323 324 325 326 327 313 314 315 316 317 328 329 
135 
136 61 62 63 64 65 66 67 68 69 70 71 72 73 74 75 76 77 78 91 92 93 94 95 96 97 98 99 100 101 102 103 104 105 106 107 108 
137 
138 289 290 291 292 293 294 295 296 297 298 328 329 358 359 
139 
140 
141 
142 
143 1 2 3 4 5 6 7 8 9 10 11 12 13 14 15 16 17 18 19 20 21 22 23 24 25 26 27 28 29 31 32 33 34 35 36 37 38 39 40 41 42 43 44 45 46 47 48 49 50 51 52 53 54 55 56 57 58 59 140 141 142 143 144 145 146 147 148 149 267 268 269 294 295 296 297 298 299 324 325 326 327 328 329 354 355 356 357 358 359 331 332 333 334 335 336 337 338 339 340 341 342 
144 
145 
146 
147 
148 
149 
150 317 318 319 320 321 322 323 324 325 326 347 348 349 350 351 352 353 354 355 356 
151 29 49 50 51 52 53 54 55 56 57 58 59 79 80 81 82 83 84 85 86 87 88 89 76 77 78 106 107 108 109 110 111 112 113 114 115 116 117 118 119 136 137 138 139 140 141 142 143 144 145 146 147 148 149 232 233 234 235 236 237 238 239 262 263 264 265 266 267 268 269 292 293 294 295 296 297 298 299 277 278 279 280 281 282 283 284 285 286 287 288 289 290 291 
152 
153 
154 87 88 89 93 94 95 119 149 179 186 187 188 189 190 191 192 193 194 195 196 197 198 199 200 201 202 203 216 217 218 219 220 221 222 223 224 225 226 227 228 229 230 231 232 233 246 247 248 249 250 251 252 253 254 255 256 257 258 259 260 261 262 263 
155 
156 91 121 
157 
158 
159 
160 
161 
162 
163 
164 
165 
166 42 43 44 45 46 47 48 49 50 51 52 53 54 55 56 72 73 74 75 76 77 78 79 80 81 82 83 84 85 86 191 192 193 194 221 222 223 224 251 252 253 254 228 229 230 231 232 233 234 235 236 237 238 239 246 247 248 249 250 255 256 257 258 276 277 278 279 280 281 282 283 284 285 286 287 288 306 307 308 309 310 311 312 313 314 315 316 317 318 289 290 291 292 293 294 295 296 297 298 299 
167 
168 10 11 12 40 41 42 
169 
170 
171 
172 
173 120 121 122 123 124 125 126 127 128 129 130 131 132 133 134 135 136 137 138 139 150 151 152 153 154 155 156 157 158 159 160 161 162 163 164 165 166 167 168 169 142 143 144 145 146 147 148 149 172 173 174 175 176 177 178 179 182 183 184 185 186 187 188 189 190 191 192 193 194 195 196 197 198 199 200 201 202 203 204 205 206 207 212 213 214 215 216 217 218 219 220 221 222 223 224 225 226 227 228 229 230 231 232 233 234 235 236 237 242 243 244 245 246 247 248 249 250 251 252 253 254 255 256 257 258 259 260 261 262 263 264 265 266 267 208 209 238 239 268 269 280 281 282 283 284 285 286 287 288 289 290 291 292 293 294 295 296 310 311 312 313 314 315 316 317 318 319 320 321 322 323 324 325 326 
174 
175 
176 30 31 32 33 34 35 36 37 38 39 40 41 42 43 67 68 69 70 71 72 73 129 130 131 132 133 134 135 136 137 138 139 140 141 142 143 144 145 159 160 161 162 163 164 165 166 167 168 169 170 171 172 173 174 175 207 208 209 239 269 
177 
178 
179 
180 154 155 156 157 158 159 160 161 162 163 164 165 166 167 168 169 170 171 172 173 174 175 176 177 178 179 184 185 186 187 188 189 190 191 192 193 194 195 196 197 198 199 200 201 202 203 204 205 206 207 208 209 214 215 216 217 218 219 220 221 222 223 224 225 226 227 228 229 230 231 232 233 234 235 236 237 238 239 259 271 272 273 274 275 276 277 278 279 280 281 344 345 346 347 
181 35 36 37 38 39 40 41 42 43 44 152 153 154 155 182 183 184 185 176 177 178 179 206 207 208 209 236 237 238 239 181 186 187 188 189 190 191 192 193 194 195 196 197 198 199 200 201 202 203 204 205 
182 107 108 109 110 124 125 126 127 128 129 130 131 132 133 134 154 155 156 157 158 159 160 161 162 163 164 184 185 186 187 188 189 190 191 192 193 194 195 196 197 198 199 200 201 202 203 204 205 206 207 208 209 331 332 356 357 358 359 
183 
184 
185 25 26 27 28 29 55 56 57 58 59 52 53 54 295 296 297 298 299 300 301 302 303 304 305 306 307 308 309 310 311 312 313 314 315 316 317 318 319 320 321 322 323 324 325 326 327 328 329 330 331 332 333 334 335 336 337 338 339 340 341 342 343 344 345 346 347 348 349 350 351 352 353 354 355 356 357 358 359 
186 
187 
188 
189 98 99 100 101 102 103 104 105 106 107 108 109 110 111 112 113 114 128 129 130 131 132 133 134 135 136 137 138 139 140 141 142 143 144 312 342 347 348 349 350 351 352 353 354 355 356 357 358 359 
190 25 26 27 28 29 251 252 253 254 302 303 304 305 306 307 308 309 310 311 312 313 314 315 316 317 318 319 320 321 322 323 324 325 326 332 333 334 335 336 337 338 339 340 341 342 343 344 345 346 347 348 349 350 351 352 353 354 355 356 
191 
192 
193 
194 
195 
196 
197 19 20 21 22 23 24 25 26 27 28 29 49 50 51 52 53 54 55 56 57 58 59 131 132 133 134 135 136 137 138 139 140 141 142 143 144 145 146 147 148 
198 
199 
200 194 195 196 197 198 199 200 201 202 203 204 205 206 207 208 224 225 226 227 228 229 230 231 232 233 234 235 236 237 238 317 318 319 320 321 322 323 324 325 326 327 328 329 
201 11 12 13 14 15 16 17 18 19 20 21 22 23 24 25 26 27 28 41 42 43 44 45 46 47 48 49 50 51 52 53 54 55 56 57 58 228 229 258 259 
202 
203 
204 9 10 11 12 13 14 15 16 17 18 19 20 21 22 23 24 25 26 27 28 29 39 40 41 42 43 44 45 46 47 48 49 50 51 52 53 54 55 56 57 58 59 70 71 72 73 74 75 76 77 78 79 80 81 82 83 84 100 101 102 103 104 105 106 107 108 109 110 111 112 113 114 130 131 132 133 134 135 136 137 138 139 140 141 142 143 144 165 187 188 189 217 218 219 247 248 249 194 195 196 197 198 199 200 201 202 203 204 205 206 207 208 209 224 225 226 227 228 229 230 231 232 233 234 235 236 237 238 239 254 255 256 257 258 259 260 261 262 263 264 265 266 267 268 269 278 279 280 281 282 283 284 285 286 287 288 289 290 291 292 293 294 295 296 297 298 299 308 309 310 311 312 313 314 315 316 317 318 319 320 321 322 323 324 325 326 327 328 329 347 348 349 350 351 352 353 354 355 356 
205 
206 102 103 104 105 106 107 108 109 110 111 112 113 114 115 116 117 118 119 180 181 182 183 184 185 186 187 188 189 190 191 192 193 194 195 196 197 198 199 200 201 202 210 211 212 213 214 215 216 217 218 219 220 221 222 223 224 225 226 227 228 229 230 231 232 240 241 242 243 244 245 246 247 248 249 250 251 252 253 254 255 256 257 258 259 260 261 262 349 350 351 352 353 354 355 356 357 358 359 
207 80 81 82 83 84 85 86 255 256 257 258 259 260 261 262 263 264 285 286 287 288 289 290 291 292 293 294 315 316 317 318 319 320 321 322 323 324 270 271 272 273 274 275 276 277 278 279 
208 
209 32 33 34 35 36 37 38 39 40 41 42 43 44 45 46 47 48 49 50 121 122 123 124 174 175 176 177 178 179 204 205 206 207 208 209 202 203 339 340 341 342 343 344 
210 23 24 25 26 27 28 29 53 54 55 56 57 58 59 83 84 85 86 87 88 89 
211 
212 
213 31 32 33 34 35 36 37 38 39 40 41 42 43 44 45 46 47 48 49 50 51 61 62 63 64 65 66 67 68 69 70 71 72 73 74 75 76 77 78 79 80 81 91 92 93 94 95 96 97 98 99 100 101 102 103 104 105 106 107 108 109 110 111 130 160 265 266 267 268 269 295 296 297 298 299 
214 
215 
216 
217 
218 92 93 94 95 96 97 98 99 100 101 102 103 104 105 106 107 108 109 110 111 112 113 114 115 116 117 118 119 143 144 173 174 203 204 
219 
220 105 106 107 108 109 110 111 112 113 135 136 137 138 139 140 141 142 143 165 166 167 168 169 170 171 172 173 174 175 176 177 178 179 
221 
222 52 53 54 55 56 57 58 59 82 83 84 85 86 87 88 89 112 113 114 115 116 117 118 119 93 94 95 96 97 98 99 100 101 102 103 104 105 106 107 108 109 110 111 123 124 125 126 127 128 129 130 131 132 133 134 135 136 137 138 139 140 141 142 153 154 155 156 157 158 159 160 161 162 163 164 165 166 167 168 169 170 171 172 242 243 244 245 246 247 248 249 250 251 252 253 254 255 256 257 258 259 260 261 262 263 264 265 272 273 274 275 276 277 278 279 280 281 282 283 284 285 286 287 288 289 290 291 292 293 294 295 266 267 268 269 296 297 298 299 317 318 319 320 321 322 323 324 325 326 327 328 329 304 305 306 307 308 309 310 311 312 313 314 315 316 341 
223 47 48 49 50 51 52 53 54 55 
224 
225 
226 
227 0 1 2 3 4 5 6 7 8 9 10 11 12 13 14 15 16 17 18 19 20 21 22 23 30 31 32 33 34 35 36 37 38 39 40 41 42 43 44 45 46 47 48 49 50 51 52 53 60 61 62 63 64 65 66 67 68 69 70 71 72 73 74 75 76 77 78 79 80 81 82 83 84 105 106 107 108 109 110 111 112 113 114 118 119 148 149 178 179 209 
228 69 70 71 72 73 74 75 76 77 78 79 80 81 82 83 84 85 86 87 88 89 99 100 101 102 103 104 105 106 107 108 109 110 111 112 113 114 115 116 117 118 119 129 130 131 132 133 134 135 136 137 138 139 140 141 142 143 144 145 146 147 148 149 163 164 165 166 167 168 169 153 154 155 156 157 158 159 160 161 162 191 192 193 194 195 196 197 198 199 200 201 202 203 204 205 206 207 208 209 221 222 223 224 225 226 227 228 229 230 231 232 233 234 235 236 237 238 239 210 211 212 213 214 215 216 217 240 241 242 243 244 245 246 247 270 271 272 273 274 275 276 277 
229 
230 
231 34 35 36 37 38 39 40 41 42 43 44 45 46 47 48 64 65 66 67 68 69 70 71 72 73 74 75 76 77 78 132 133 134 135 136 137 138 139 140 141 142 143 144 145 146 162 163 164 165 166 167 168 169 170 171 172 173 174 175 176 192 193 194 195 196 197 198 199 200 201 202 203 204 205 206 177 178 179 207 208 209 230 231 232 233 234 235 236 237 238 239 219 220 221 222 223 224 225 226 227 228 229 249 250 251 252 253 254 255 256 257 258 259 260 261 262 263 264 265 266 279 280 281 282 283 284 285 286 287 288 289 290 291 292 293 294 295 296 
232 
233 79 80 81 82 322 323 324 325 326 327 328 329 
234 
235 2 3 4 5 6 7 8 9 10 11 12 13 14 15 34 35 36 64 65 66 94 95 96 185 186 187 188 189 190 191 192 193 194 195 196 197 198 199 200 201 202 203 204 205 206 207 208 209 312 313 314 315 316 317 318 319 320 321 322 323 324 325 326 327 328 329 342 343 344 345 346 347 348 349 350 351 352 353 354 355 356 357 358 359 
236 
237 
238 
239 
240 
241 36 37 38 39 40 41 42 43 44 66 67 68 69 70 71 72 73 74 356 357 358 359 
242 
243 
244 
245 
246 43 44 45 46 47 48 49 50 51 52 53 54 55 56 73 74 75 76 77 78 79 80 81 82 83 84 85 86 70 71 72 208 209 
247 
248 
249 232 233 234 235 236 237 238 239 262 263 264 265 266 267 268 269 292 293 294 295 296 297 298 299 305 306 307 308 309 310 311 312 313 314 315 316 317 318 335 336 337 338 339 340 341 342 343 344 345 346 347 348 334 
250 
251 
252 275 276 277 278 321 322 323 324 325 326 327 328 329 351 352 353 354 355 356 357 358 359 
253 
254 
255 
256 21 22 23 24 25 26 27 28 29 51 52 53 54 55 56 57 58 59 
257 
258 
259 
260 
261 24 25 26 27 28 29 54 55 56 57 58 59 84 85 86 87 88 89 75 76 77 78 79 80 81 82 83 187 188 189 190 191 192 193 194 195 196 217 218 219 220 221 222 223 224 225 226 
262 69 70 71 72 73 74 75 76 77 78 79 80 81 82 83 99 100 101 102 103 104 105 106 107 108 109 110 111 112 113 272 273 274 275 276 277 278 279 280 281 282 283 284 285 302 303 304 305 306 307 308 309 310 311 312 313 314 315 335 336 
263 20 21 22 23 24 25 26 27 28 29 50 51 52 53 54 55 56 57 58 59 80 81 82 83 84 85 86 87 88 89 99 100 101 102 103 104 129 130 131 132 133 134 159 160 161 162 163 164 
264 
265 
266 
267 
268 18 19 20 155 156 157 158 159 160 161 162 163 284 285 286 287 288 289 290 291 292 293 294 295 296 297 298 299 314 315 316 317 318 319 320 321 322 323 324 325 326 327 328 329 
269 
270 
271 
272 
273 49 50 51 52 53 54 55 56 57 58 59 79 80 81 82 83 84 85 86 87 88 89 109 110 111 112 113 114 115 116 117 118 119 
274 
275 
276 
277 240 241 242 243 270 271 272 273 300 301 302 303 304 305 306 307 308 309 310 311 312 313 314 315 316 317 318 319 332 333 334 335 336 337 338 339 340 341 342 343 344 345 346 347 348 349 330 331 
278 220 221 222 223 224 225 226 227 228 229 230 231 232 233 234 235 236 237 238 239 
279 
280 
281 
282 
283 107 108 109 110 111 112 113 114 115 116 117 118 119 137 138 139 140 141 142 143 144 145 146 147 148 149 167 168 169 170 171 172 173 174 175 176 177 178 179 206 207 208 209 236 237 238 239 291 292 293 294 295 296 297 321 322 323 324 325 326 327 
284 54 55 56 57 58 59 84 85 86 87 88 89 78 79 80 81 82 83 108 109 110 111 112 113 114 115 116 117 118 119 141 142 143 144 145 146 147 148 149 219 220 221 222 223 224 225 226 227 228 229 249 250 251 252 253 254 255 256 257 258 259 297 298 299 327 328 329 
285 
286 
287 
288 127 128 129 157 158 159 132 133 134 135 136 137 138 139 140 141 142 143 144 145 146 147 148 149 246 247 248 249 250 251 252 253 254 255 256 257 258 259 260 261 262 263 264 265 276 277 278 279 280 281 282 283 284 285 286 287 288 289 290 291 292 293 294 295 266 267 268 269 306 336 309 310 311 312 313 314 315 316 317 339 340 341 342 343 344 345 346 347 
289 
290 10 11 12 13 14 262 263 264 265 266 267 268 269 292 293 294 295 296 297 298 299 322 323 324 325 326 327 328 329 274 275 276 277 278 279 280 281 282 283 284 319 320 321 349 350 351 352 353 354 359 
291 
292 
293 173 174 175 176 177 203 204 205 206 207 233 234 235 236 237 185 186 187 188 189 
294 
295 
296 90 91 92 93 94 95 96 97 98 99 100 101 102 103 104 105 106 107 108 109 110 111 112 113 114 115 116 117 118 120 121 122 123 124 125 126 127 128 129 130 131 132 133 134 135 136 137 138 139 140 141 142 143 144 145 146 147 148 150 151 152 153 154 155 156 157 158 159 160 161 162 163 164 165 166 167 168 169 170 171 172 173 174 175 176 177 178 179 207 208 209 237 238 239 246 247 248 249 250 251 252 253 254 255 256 257 258 259 260 261 262 263 264 265 266 267 268 269 276 277 278 279 280 281 282 283 284 285 286 287 288 289 290 291 292 293 294 295 296 297 298 299 354 355 356 357 358 359 
297 
298 235 236 237 265 266 267 286 287 288 289 290 291 292 293 316 317 318 319 320 321 322 323 304 305 306 334 335 336 
299 
300 
301 
302 21 22 30 31 32 33 34 35 36 37 38 39 40 41 42 43 44 45 46 47 48 49 50 51 52 53 60 61 62 63 64 65 66 67 68 69 70 71 72 73 74 75 76 77 78 79 80 81 82 83 97 98 99 100 101 102 103 104 105 106 107 225 226 227 228 229 230 231 232 233 234 235 236 237 238 239 
303 
304 
305 
306 
307 
308 
309 121 122 123 124 125 126 127 128 129 130 131 132 133 134 135 177 178 179 207 208 209 229 230 231 232 233 234 322 323 324 325 326 327 328 329 352 353 354 355 356 357 358 359 
310 
311 
312 
313 
314 
315 
316 
317 
318 
319 
320 107 108 109 110 111 112 113 183 184 185 186 187 188 189 190 191 192 193 194 195 196 213 214 215 216 217 218 219 220 221 222 223 224 225 226 
321 
322 116 117 118 119 336 337 338 339 340 341 342 343 344 345 346 347 348 349 350 351 352 353 354 355 356 357 358 359 
323 
324 
325 
326 
327 
328 325 326 327 328 329 330 331 332 333 334 335 
329 
330 
331 
332 
333 18 19 20 21 22 23 24 25 26 27 28 29 48 49 50 51 52 53 54 55 56 57 58 59 45 46 47 77 78 79 80 81 82 83 84 85 86 87 88 89 157 158 159 160 161 187 188 189 190 191 215 216 217 218 219 220 221 222 223 224 225 226 227 228 229 230 231 232 233 245 246 247 248 249 250 251 252 253 254 255 256 257 258 259 260 261 262 263 275 276 277 278 279 280 281 282 283 284 285 286 287 288 289 290 291 292 293 
334 
335 
336 
337 
338 
339 54 55 56 57 58 59 99 100 101 102 103 104 105 106 107 108 109 110 111 112 113 114 115 116 117 118 119 129 130 131 132 133 134 135 136 137 138 139 140 141 142 143 144 145 146 147 148 149 170 171 172 173 174 175 176 177 178 179 200 201 202 203 204 205 206 207 208 209 181 182 183 184 185 186 187 188 189 190 191 192 193 194 195 196 197 198 199 350 351 352 353 354 355 356 357 358 359 
340 
341 
342 82 83 112 113 
343 
344 70 71 72 73 74 75 76 77 78 79 80 81 100 101 102 103 104 105 106 107 108 109 110 111 130 131 132 133 134 135 136 137 138 139 140 141 123 124 125 126 127 128 129 142 143 144 145 146 147 148 149 153 154 155 156 157 158 159 160 161 162 163 164 165 166 167 168 169 170 171 172 173 174 175 176 177 178 179 192 193 194 195 196 197 198 199 200 201 202 203 204 205 206 207 208 209 222 223 224 225 226 227 228 229 230 231 232 233 234 235 236 237 238 239 252 253 254 255 256 257 258 259 260 261 262 263 264 265 266 267 268 269 296 297 298 299 326 327 328 329 
345 
346 
347 
348 
349 
350 
351 
352 89 145 146 147 148 149 175 176 177 178 179 205 206 207 208 209 174 226 227 228 229 230 
353 
354 
355 
356 
357 11 12 13 14 15 16 17 18 19 20 21 22 23 24 25 26 27 28 41 42 43 44 45 46 47 48 49 50 51 52 53 54 55 56 57 58 66 67 68 69 70 96 97 98 99 100 126 127 128 129 130 125 131 132 133 134 135 136 141 142 143 144 145 146 147 148 149 242 243 244 245 246 247 248 249 250 251 252 253 254 255 256 272 273 274 275 276 277 278 279 280 281 282 283 284 285 286 302 303 304 305 306 307 308 309 310 311 312 313 314 315 316 
358 
359 
360 
361 
362 2 3 4 5 6 7 8 9 10 11 12 13 14 15 16 93 94 95 96 97 123 124 125 126 127 98 99 100 101 102 103 104 105 128 129 130 131 132 133 134 135 156 157 158 159 160 161 162 163 164 165 208 209 238 239 268 269 225 226 227 228 229 230 231 232 233 234 235 236 237 
363 
364 
365 50 51 52 53 54 55 56 57 58 59 80 81 82 83 84 85 86 87 88 89 72 73 74 75 76 77 78 79 102 103 104 105 106 107 108 109 110 111 112 113 114 115 116 117 118 119 149 140 141 142 143 144 145 146 147 148 205 206 207 208 209 235 236 237 238 239 265 266 267 268 269 234 264 294 295 296 297 298 299 281 282 283 284 285 286 287 288 311 312 313 314 315 316 317 318 300 301 302 303 304 305 306 307 308 309 310 319 320 321 322 323 324 330 331 332 333 334 335 336 337 338 339 340 341 342 343 344 345 346 347 348 349 350 351 352 353 354 
366 149 179 209 224 225 226 227 228 229 230 231 232 233 234 235 236 237 254 255 256 257 258 259 260 261 262 263 264 265 266 267 
367 115 116 117 118 119 145 146 147 148 149 178 179 157 158 159 160 161 162 163 164 165 166 167 168 169 170 171 172 173 174 175 176 177 187 188 189 190 191 192 193 194 195 196 197 198 199 200 201 202 203 204 205 206 207 208 209 217 218 219 220 221 222 223 224 225 226 227 228 229 230 231 232 233 234 235 236 237 238 239 328 329 358 359 
368 
369 
370 
371 34 35 36 37 38 39 40 41 42 43 44 45 46 47 48 49 50 51 52 53 54 55 56 57 58 59 64 65 66 67 68 69 70 71 72 73 74 75 76 77 78 79 80 81 82 83 84 85 86 87 88 89 94 95 96 97 98 99 100 101 102 103 104 105 106 107 108 109 110 111 112 113 114 115 116 117 118 119 132 133 134 135 136 137 138 139 140 141 142 143 144 145 146 147 148 162 163 164 165 166 167 168 169 170 171 172 173 174 175 176 177 178 194 195 196 197 198 199 200 201 202 203 204 205 206 207 208 209 224 225 226 227 228 229 230 231 232 233 234 235 236 237 238 239 254 255 256 257 258 259 260 261 262 263 264 265 266 267 268 269 286 287 288 289 290 291 292 293 294 295 296 297 298 299 316 317 318 319 320 321 322 323 324 325 326 327 328 329 274 275 276 277 278 279 280 281 282 283 284 285 304 305 306 307 308 309 310 311 312 313 314 315 345 346 347 348 349 350 
372 84 85 86 87 88 89 172 173 174 175 176 177 178 179 202 203 204 205 206 207 208 209 329 354 355 356 357 
373 
374 
375 
376 
377 
378 
379 
380 
381 
382 
383 
384 
385 
386 20 21 22 23 24 25 26 27 28 50 51 52 53 54 55 56 57 58 300 301 302 303 304 305 306 307 308 309 310 311 312 313 314 315 316 317 318 319 320 321 322 323 330 331 332 333 334 335 336 337 338 339 340 341 342 343 344 345 346 347 348 349 350 351 352 353 
387 92 93 94 95 122 123 124 125 152 153 154 155 248 249 250 251 252 253 254 255 256 257 258 259 260 261 262 263 264 265 266 278 279 280 281 282 283 284 285 286 287 288 289 290 291 292 293 294 295 296 312 313 314 315 316 317 347 348 349 350 351 352 353 354 355 356 357 358 359 
388 
389 
390 
391 
392 
393 
394 
395 
396 
397 
398 
399 139 140 141 142 143 144 145 146 147 148 169 170 171 172 173 174 175 176 177 178 199 200 201 202 203 204 205 206 207 208 149 179 209 321 351 352 353 354 355 356 357 358 359 
400 
401 
402 
403 181 182 183 184 185 186 187 188 189 190 191 192 211 212 213 214 215 216 217 218 219 220 221 222 
404 
405 
406 
407 
408 
409 
410 
411 194 195 196 197 198 224 225 226 227 228 254 255 256 257 258 340 341 342 343 344 345 346 347 348 349 350 351 352 353 354 355 356 
412 97 98 99 100 101 102 103 104 105 106 107 108 109 110 111 112 113 114 115 116 117 118 119 127 128 129 130 131 132 133 134 135 136 137 138 139 140 141 142 143 144 145 146 147 148 149 157 158 159 160 161 162 163 164 165 166 167 168 169 170 171 172 173 174 175 176 177 178 179 189 190 191 192 193 194 195 196 197 198 
413 
414 2 3 4 5 6 7 8 32 33 34 35 36 37 38 132 133 134 135 136 137 138 139 140 141 142 143 144 145 146 147 148 149 162 163 164 165 166 167 168 169 170 171 172 173 174 175 176 177 178 179 194 195 196 197 198 199 200 201 202 203 204 205 206 207 208 209 224 225 226 227 228 229 230 231 232 233 234 235 236 237 238 239 254 255 256 257 258 259 260 261 262 263 264 265 266 267 268 269 289 290 291 292 293 294 295 296 297 298 299 
415 
416 
417 13 14 15 16 17 18 19 20 21 22 23 24 25 26 27 28 29 164 165 166 167 168 169 170 194 195 196 197 198 199 200 175 176 177 178 179 245 275 
418 
419 
420 
421 
422 7 8 9 10 11 37 38 39 40 41 67 68 69 70 71 84 85 86 87 88 89 
423 
424 
425 
426 115 116 145 146 175 176 139 140 141 142 143 144 147 148 149 169 170 171 172 173 174 177 178 179 167 168 197 198 199 200 201 202 203 204 205 206 207 208 227 228 229 230 231 232 233 234 235 236 237 238 209 239 
427 
428 
429 
430 
431 
432 9 10 11 12 13 14 15 16 17 18 19 20 21 22 23 24 56 57 58 59 86 87 88 89 90 91 92 93 94 95 96 97 98 99 100 101 120 121 122 123 124 125 126 127 128 129 130 131 150 151 152 153 154 155 156 157 158 159 160 161 102 103 104 105 106 107 108 109 110 111 112 113 114 115 116 117 118 119 143 144 145 146 147 148 149 242 243 244 245 246 247 248 249 250 272 273 274 275 276 277 278 279 280 
433 
434 
435 
436 
437 
438 
439 
440 
441 138 139 140 141 142 143 144 220 221 222 223 224 225 226 227 228 229 230 231 232 233 314 315 316 317 318 319 320 321 322 323 324 325 326 327 328 329 344 345 346 347 348 349 350 351 352 353 354 355 356 357 358 359 
442 
443 1 2 3 4 5 6 7 8 9 10 11 12 13 14 15 16 17 18 19 20 21 22 342 343 344 345 346 347 348 349 350 351 352 353 
444 
445 
446 
447 
448 
449 
450 
451 76 77 78 79 80 81 82 83 84 85 86 87 88 89 106 107 108 109 110 111 112 113 114 115 116 117 118 119 170 171 172 173 174 175 176 177 178 179 200 201 202 203 204 205 206 207 208 209 230 231 232 233 234 235 236 237 238 239 217 218 219 220 221 222 223 247 248 249 250 251 252 253 277 278 279 280 281 282 283 224 225 226 227 228 229 254 255 256 257 258 259 260 261 262 263 274 275 276 284 285 286 287 288 289 290 291 292 293 294 295 296 297 298 299 304 305 306 307 308 309 310 311 312 313 314 315 316 317 318 319 320 321 322 323 324 325 326 327 328 329 334 335 336 337 338 339 340 341 342 343 344 345 346 347 348 349 350 351 352 353 354 355 356 357 358 359 
452 
453 115 116 117 118 119 
454 
455 119 149 209 239 269 217 218 219 220 221 247 248 249 250 251 281 282 283 284 285 286 287 288 289 290 291 311 312 313 314 315 316 317 318 319 320 321 329 359 
456 
457 
458 
459 178 179 208 209 182 183 184 185 186 187 188 189 190 191 192 193 194 195 196 197 198 199 200 201 202 289 290 291 292 293 294 295 296 297 298 299 319 320 321 322 323 324 325 326 327 328 329 355 356 357 358 359 350 
460 137 138 139 140 141 142 143 167 168 169 170 171 172 173 197 198 199 200 201 202 203 160 161 190 191 192 193 194 195 196 204 205 222 223 224 225 226 227 228 229 230 231 232 233 234 235 252 253 254 255 256 257 258 259 260 261 262 263 264 265 280 281 282 283 284 285 286 287 288 289 290 291 292 293 294 295 296 297 298 299 310 311 312 313 314 315 316 317 318 319 320 321 322 323 324 325 326 327 328 329 340 341 342 343 344 345 346 347 348 349 350 351 352 353 354 355 356 357 358 359 
461 
462 
463 
464 
465 
466 
467 
468 
469 125 126 127 128 129 130 131 132 133 134 155 156 157 158 159 160 161 162 163 164 185 186 187 188 189 190 191 192 193 194 195 196 197 198 199 200 201 202 203 204 205 206 207 208 209 225 226 227 228 229 230 231 232 233 234 235 236 237 238 239 255 256 257 258 259 260 261 262 263 264 265 266 267 268 269 
470 
471 
472 288 289 290 291 292 293 294 295 296 297 298 299 325 326 327 328 329 
473 
474 
475 
476 
477 
478 58 59 101 102 103 104 105 106 107 108 109 110 111 112 113 114 115 116 117 118 119 131 132 133 134 135 136 137 138 139 140 141 142 143 144 145 146 147 148 149 185 186 187 188 189 190 205 206 207 208 209 235 236 237 238 239 265 266 267 268 269 253 254 255 256 257 258 259 260 261 262 263 283 284 285 286 287 288 289 290 291 292 293 
479 32 33 34 35 36 37 38 39 40 41 42 43 44 45 46 47 48 49 50 51 52 53 54 55 62 63 64 65 66 67 68 69 70 71 72 73 74 75 76 77 78 79 80 81 82 83 84 85 138 139 140 141 142 143 144 145 146 147 148 168 169 170 171 172 173 174 175 176 177 178 198 199 200 201 202 203 204 205 206 207 208 227 228 257 258 287 288 
480 
481 
482 
483 
484 1 2 3 4 5 6 7 8 9 10 11 12 13 14 15 16 17 18 19 20 21 22 31 32 33 34 35 36 37 38 39 40 41 42 43 44 45 46 47 48 49 50 51 52 61 62 63 64 65 66 67 68 69 70 71 72 73 74 75 76 77 78 79 80 81 82 23 24 25 53 54 55 83 84 85 246 247 248 249 250 251 252 253 254 255 256 257 258 259 260 261 276 277 278 279 280 281 282 283 284 285 286 287 288 289 290 291 306 307 308 309 310 311 312 313 314 315 316 317 318 319 320 321 336 337 338 339 340 341 342 343 344 345 346 347 348 349 
485 135 136 137 138 139 140 141 142 143 144 145 146 147 148 149 192 193 194 195 196 197 198 199 200 201 202 203 204 205 206 207 208 209 222 223 224 225 226 227 228 229 230 231 232 233 234 235 236 237 238 239 252 253 254 255 256 257 258 259 260 261 262 263 264 265 266 267 268 269 218 219 220 221 297 298 299 327 328 329 
486 
487 
488 
489 
490 
491 
492 
493 278 279 280 281 282 
494 5 6 7 8 9 10 11 12 13 14 15 16 17 18 19 20 21 22 23 24 35 36 37 38 39 40 41 42 43 44 45 46 47 48 49 50 51 52 53 54 337 338 339 340 341 342 343 344 345 346 347 348 349 350 351 352 353 354 
495 
496 58 59 83 84 85 86 87 88 89 113 114 115 116 117 118 119 143 144 145 146 147 148 149 131 132 133 134 135 136 137 138 139 161 162 163 164 165 166 167 168 169 
497 
498 
499 127 128 129 130 131 132 133 134 135 136 137 138 139 140 141 142 143 144 145 146 147 148 157 158 159 160 161 162 163 164 165 166 167 168 169 170 171 172 173 174 175 176 177 178 263 264 265 266 267 268 269 293 294 295 296 297 298 299 315 316 317 318 319 320 321 322 323 324 325 326 327 328 329 345 346 347 348 349 350 351 352 353 354 355 356 357 358 359 
500 
501 
502 48 49 50 51 52 53 54 55 56 57 58 59 167 168 169 170 171 172 173 174 175 176 177 178 179 255 256 257 258 259 260 261 262 263 264 265 266 267 268 269 285 286 287 288 289 290 291 292 293 294 295 296 297 298 299 315 316 317 318 319 320 321 322 323 324 325 326 327 328 329 283 284 
503 
504 55 56 57 58 59 85 86 87 88 89 115 116 117 118 119 104 105 106 107 108 109 110 111 112 113 114 134 135 136 137 138 139 140 141 142 143 144 145 146 147 148 149 
505 
506 
507 
508 
509 
510 
511 
512 
513 
514 
515 
516 215 216 217 218 219 220 221 222 223 224 225 226 227 228 245 246 247 248 249 250 251 252 253 254 255 256 257 258 275 276 277 278 279 280 281 282 283 284 285 286 287 288 243 244 259 260 261 262 263 264 265 266 267 268 269 320 321 322 323 324 325 326 327 328 329 333 334 335 336 337 338 339 340 341 342 343 344 345 346 347 348 349 350 351 352 353 354 355 356 
517 
518 
519 
520 45 46 47 48 49 50 51 52 53 54 55 56 57 58 59 75 76 77 78 79 80 81 82 83 84 85 86 87 88 89 
521 103 104 105 106 107 108 109 110 111 112 113 114 115 116 117 118 119 156 186 259 260 261 289 290 291 271 272 273 274 275 276 277 278 279 280 281 282 283 284 285 286 287 288 292 293 294 301 302 303 304 305 306 307 308 309 310 311 312 313 314 315 316 317 318 319 320 321 322 323 324 331 332 333 334 335 336 337 338 339 340 341 342 343 344 345 346 347 348 349 350 351 352 353 354 
522 
523 
524 67 68 69 70 71 72 73 74 75 76 77 78 79 80 97 98 99 100 101 102 103 104 105 106 107 108 109 110 127 128 129 130 131 132 133 134 135 136 137 138 139 140 85 86 87 88 89 115 116 117 118 119 283 284 285 286 287 288 289 290 291 292 293 294 295 296 297 298 299 313 314 315 316 317 318 319 320 321 322 323 324 325 326 327 328 329 343 344 345 346 347 348 349 350 351 352 353 354 355 356 357 358 359 304 305 306 307 308 309 310 311 312 334 335 336 337 338 339 340 341 342 
525 
526 
527 187 188 189 190 202 203 204 205 206 207 208 209 
528 
529 2 3 4 5 6 7 8 9 10 47 48 49 50 51 52 53 54 55 56 57 58 59 77 78 79 80 81 82 83 84 85 86 87 88 89 107 108 109 110 111 112 113 114 115 116 117 118 119 100 101 102 103 104 105 106 130 131 132 133 134 135 136 137 138 139 140 141 142 143 144 145 146 160 161 162 163 164 165 166 167 168 169 170 171 172 173 174 175 176 177 178 179 201 202 203 204 205 206 207 208 209 310 311 340 341 
530 63 64 65 66 67 68 69 70 71 72 73 74 75 76 77 78 
531 
532 72 73 74 75 76 77 78 79 80 81 82 83 84 85 86 87 88 89 102 103 104 105 106 107 108 109 110 111 112 113 114 115 116 117 118 119 92 122 191 192 193 194 195 196 197 198 199 200 201 202 203 204 205 206 207 208 209 221 222 223 224 225 226 227 228 229 230 231 232 233 234 235 236 237 238 239 251 252 253 254 255 256 257 258 259 260 261 262 263 264 265 266 267 268 269 
533 
534 
535 22 23 24 25 26 27 28 29 47 48 49 50 51 52 53 54 55 56 57 58 59 77 78 79 80 81 82 83 84 85 86 87 88 89 136 137 138 139 140 141 142 143 144 145 146 147 148 149 332 333 334 335 336 337 338 339 340 341 342 343 344 345 
536 32 33 34 62 63 64 92 93 94 44 45 46 47 48 49 50 51 52 53 54 55 56 57 58 59 74 75 76 77 78 79 80 81 82 83 84 85 86 87 88 89 95 96 97 98 99 100 101 102 103 104 105 106 107 108 109 110 111 112 113 114 115 116 232 233 234 235 236 237 238 239 262 263 264 265 266 267 268 269 292 293 294 295 296 297 298 299 332 333 334 335 336 337 338 339 340 341 342 343 
537 139 140 141 142 143 144 145 146 147 148 149 169 170 171 172 173 174 175 176 177 178 179 340 341 342 343 344 345 346 347 348 349 350 351 352 353 354 355 357 358 359 
538 
539 
540 121 122 123 124 125 126 127 128 190 191 192 193 194 195 196 197 198 199 200 201 202 203 204 205 206 220 221 222 223 224 225 226 227 228 229 230 231 232 233 234 235 236 250 251 252 253 254 255 256 257 258 259 260 261 262 263 264 265 266 209 296 297 298 299 
541 
542 
543 
544 
545 
546 
547 134 135 136 137 138 139 140 141 142 143 144 145 146 147 148 149 164 165 166 167 168 169 170 171 172 173 174 175 176 177 178 179 194 195 196 197 198 199 200 201 202 203 204 205 206 207 208 209 186 187 188 189 190 191 192 193 216 217 218 219 220 221 222 223 224 225 226 227 228 229 230 231 232 233 234 301 302 303 304 305 306 307 308 309 310 311 312 313 314 315 316 317 318 319 320 321 322 323 324 
548 
549 
550 
551 
552 201 202 203 204 205 206 207 208 209 231 232 233 234 235 236 237 238 239 340 341 342 343 344 345 346 347 348 
553 16 17 18 19 20 21 22 23 24 25 26 27 28 29 46 47 48 49 50 51 52 53 54 55 56 57 58 59 76 77 78 79 80 81 82 83 84 85 86 87 88 89 238 239 244 245 246 247 248 249 250 251 252 253 254 255 256 
554 
555 
556 
557 
558 155 156 157 158 159 160 161 162 163 164 165 166 167 168 169 170 171 172 173 174 175 176 177 178 179 185 186 187 188 189 190 191 192 193 194 195 196 197 198 199 200 201 202 203 204 205 206 207 208 209 322 323 324 357 358 359 
559 
560 
561 
562 
563 
564 
565 
566 
567 211 212 213 214 215 216 217 218 219 220 221 222 223 224 225 226 227 228 229 230 231 232 233 234 235 241 242 243 244 245 246 247 248 249 250 251 252 253 254 255 256 257 258 259 260 261 262 263 264 265 271 272 273 274 275 276 277 278 279 280 281 282 283 284 285 286 287 288 289 290 291 292 293 294 295 296 297 298 299 328 329 358 359 
568 
569 
570 
571 
572 
573 
574 
575 
576 
577 
578 
579 
580 
581 
582 
583 
584 
585 
586 
587 
588 
589 
590 
591 
592 71 72 73 74 75 76 171 172 173 174 175 176 177 178 179 201 202 203 204 205 206 207 208 209 
593 
594 
595 
596 
597 
598 
599 75 76 77 105 106 107 264 265 266 267 268 269 294 295 296 297 298 299 
600 
601 
602 
603 
604 
605 
606 
607 
608 
609 
610 
611 
612 
613 
614 
615 
616 
617 133 134 135 136 137 138 139 140 141 142 143 144 145 146 147 148 149 245 246 247 248 296 297 298 326 327 328 314 315 316 317 318 319 320 321 322 323 324 325 329 344 345 346 347 348 349 350 351 352 353 354 355 356 357 358 359 
618 181 211 241 319 320 321 322 323 324 325 326 327 328 329 
619 65 66 67 68 95 96 97 98 187 188 189 190 191 192 193 194 195 196 197 198 199 200 201 202 203 204 205 206 207 208 209 235 236 237 238 239 220 221 222 223 224 225 226 227 228 229 230 231 232 233 234 250 251 252 253 254 255 256 257 258 259 260 261 262 263 264 265 266 273 274 275 276 277 278 279 280 281 282 283 284 285 286 287 288 289 290 291 292 293 294 295 296 297 298 299 303 304 305 306 307 308 309 310 311 312 313 314 315 316 317 318 319 320 321 322 323 324 325 326 327 328 329 333 334 335 336 337 338 339 340 341 342 343 344 345 346 347 348 349 350 351 352 353 354 355 356 357 358 359 
620 131 132 133 134 135 136 137 138 139 140 141 142 143 144 145 146 147 148 149 158 159 160 161 162 163 164 165 166 167 168 169 170 171 172 173 174 175 176 177 178 179 278 279 280 281 282 283 284 285 286 287 288 289 290 291 292 293 294 295 296 297 298 299 308 309 310 311 312 313 314 315 316 317 318 319 320 321 322 323 324 325 326 327 328 329 359 
621 
622 
623 
624 85 86 87 88 89 155 156 157 158 159 160 161 162 163 164 165 166 185 186 187 188 189 190 191 192 193 194 195 196 215 216 217 218 219 220 221 222 223 224 225 226 294 295 296 297 298 299 
625 
626 
627 
628 
629 51 52 53 54 55 56 57 58 59 215 216 217 218 219 220 221 222 223 224 225 226 227 245 246 247 248 249 250 251 252 253 254 255 256 257 275 276 277 278 279 280 281 282 283 284 285 286 287 230 231 232 233 234 235 236 237 238 239 268 269 298 299 328 329 288 289 290 291 
630 123 124 125 126 127 128 129 130 131 132 133 134 135 136 153 154 155 156 157 158 159 160 161 162 163 164 165 166 183 184 185 186 187 188 189 190 191 192 193 194 195 196 279 280 281 282 283 284 285 286 287 288 289 290 291 292 293 294 295 296 297 298 299 304 305 306 307 308 309 310 311 312 313 314 315 316 317 318 319 320 321 322 323 324 325 326 327 328 329 349 350 351 352 353 354 355 356 357 358 359 
631 
632 
633 
634 
635 
636 
637 
638 
639 96 97 
640 119 251 252 253 254 255 256 257 258 259 260 261 262 263 264 265 266 267 268 269 299 329 341 342 343 344 345 346 347 348 349 350 351 352 353 354 355 356 
641 
642 
643 14 15 16 17 18 19 20 21 22 23 24 25 26 27 28 29 56 57 58 59 70 71 72 73 74 75 76 77 78 79 80 81 82 83 84 85 86 87 88 100 101 102 103 104 105 106 107 108 109 110 111 112 113 114 115 116 117 118 236 237 238 239 246 247 327 328 329 
644 
645 
646 
647 52 53 54 55 56 57 58 59 82 83 84 85 86 87 88 89 112 113 114 115 116 117 118 119 61 62 63 64 65 66 67 68 69 70 71 72 73 74 75 76 77 91 92 93 94 95 96 97 98 99 100 101 102 103 104 105 106 107 
648 
649 
650 
651 
652 
653 
654 
655 
656 
657 51 52 53 54 55 56 57 58 59 81 82 83 84 85 86 87 88 89 111 112 113 114 115 116 117 118 119 129 130 131 132 133 134 135 136 137 138 139 140 141 142 143 144 145 146 147 148 149 
658 38 39 40 41 42 43 44 45 46 47 48 49 50 51 52 72 73 74 75 76 102 103 104 105 106 132 133 134 135 136 148 149 178 179 208 209 207 285 286 287 288 289 290 291 292 293 294 295 296 297 298 299 
659 56 57 58 59 67 68 69 70 71 72 73 74 75 76 77 78 79 80 81 82 83 84 85 86 87 88 89 187 188 189 190 191 192 193 194 195 196 197 198 199 200 201 202 203 204 205 206 207 208 209 216 217 218 246 247 248 276 277 278 
660 
661 
662 
663 
664 
665 
666 22 23 24 25 26 27 28 29 59 89 119 183 184 185 186 187 188 189 190 191 192 193 194 195 196 218 219 220 221 222 223 224 225 226 243 244 245 246 247 248 249 250 251 252 253 254 255 256 257 258 259 260 261 262 263 264 265 266 267 268 269 275 276 277 278 279 280 281 282 283 284 285 286 287 288 289 290 291 292 293 294 295 296 297 298 299 
667 
668 
669 
670 
671 
672 
673 
674 
675 
676 
677 
678 7 8 9 10 11 12 13 14 15 16 17 18 19 272 273 274 275 276 302 303 304 305 306 310 311 312 313 314 315 316 317 318 319 320 321 322 323 324 325 326 327 328 
679 
680 174 175 176 177 178 179 195 196 197 198 199 200 201 202 203 204 205 206 207 208 209 231 232 233 234 235 236 237 238 261 262 263 264 265 266 267 268 291 292 293 294 295 296 297 298 
681 
682 
683 211 212 213 214 215 216 217 241 242 243 244 245 246 247 271 272 273 274 275 276 277 218 219 220 221 222 223 224 225 226 227 228 229 230 231 232 233 234 235 298 299 315 316 317 318 319 320 321 322 323 324 325 345 346 347 348 349 350 351 352 353 354 355 
684 27 28 29 185 186 187 188 189 190 191 192 193 194 195 196 197 198 199 200 201 202 203 204 205 206 207 208 209 215 216 217 218 219 220 221 222 223 224 225 226 227 228 229 230 231 232 233 234 235 236 237 238 239 
685 
686 
687 
688 
689 
690 
691 
692 344 345 346 347 348 349 350 351 
693 
694 
695 
696 
697 
698 
699 
700 
701 
702 
703 353 354 355 356 357 358 359 
704 
705 124 125 126 127 128 154 155 156 157 158 184 185 186 187 188 223 224 225 226 227 228 229 230 231 232 233 234 235 236 237 238 239 253 254 255 256 257 258 259 260 261 262 263 264 265 266 267 268 269 283 284 285 286 287 288 289 290 291 292 293 294 295 296 297 298 299 
706 
707 119 149 126 127 128 129 130 131 132 133 134 156 157 158 159 160 161 162 163 164 186 187 188 189 190 191 192 193 194 135 165 
708 
709 144 145 146 147 148 149 174 175 176 177 178 179 155 156 157 158 159 160 161 162 163 164 165 185 186 187 188 189 190 191 192 193 194 195 184 196 197 198 199 200 201 348 349 350 351 352 353 354 355 356 357 358 359 
710 39 40 41 69 70 71 99 100 101 54 55 56 57 58 59 97 98 102 103 104 105 106 107 108 109 110 111 112 113 114 115 116 117 118 119 127 128 129 130 131 132 133 134 135 136 137 138 139 140 141 142 143 144 145 146 147 148 149 157 158 159 160 161 162 163 164 165 166 167 168 169 170 171 172 173 174 175 176 177 178 179 206 207 208 209 236 237 238 239 245 246 247 248 249 250 251 275 276 277 278 279 280 281 305 306 307 308 309 310 311 
711 
712 73 74 75 76 77 78 103 104 105 106 107 108 181 182 183 184 185 186 187 188 189 190 191 192 193 194 211 212 213 214 215 216 217 218 219 220 221 222 223 224 241 242 243 244 245 246 247 248 249 250 251 252 253 254 195 196 197 198 199 200 201 202 203 204 205 206 207 208 225 226 227 228 229 230 231 232 233 234 235 236 237 238 255 256 257 258 259 260 261 262 263 264 265 266 267 268 315 316 317 318 319 320 321 322 323 324 325 326 327 328 329 345 346 347 348 349 350 351 352 353 354 355 356 357 358 359 
713 20 21 22 23 24 25 26 27 28 29 50 51 52 53 54 55 56 57 58 59 82 83 84 85 86 87 88 89 112 113 114 115 116 117 118 119 70 71 72 73 74 75 76 77 78 79 80 81 216 217 218 219 220 246 247 248 249 250 276 277 278 279 280 322 323 324 325 326 327 328 329 352 353 354 355 356 357 358 359 
714 
715 
716 
717 
718 
719 
720 
721 
722 
723 
724 
725 264 265 266 267 294 295 296 297 
726 68 69 70 71 72 98 99 100 101 102 128 129 130 131 132 278 279 280 281 282 283 284 285 286 287 288 289 308 309 310 311 312 313 314 315 316 317 318 319 
727 
728 
729 
