0 
1 5 25 63 69 71 123 147 150 166 181 185 197 203 222 245 247 251 269 286 305 346 356 
2 3 5 7 38 48 50 77 89 102 125 135 141 143 145 150 158 176 189 191 209 226 236 249 255 257 303 313 
3 
4 
5 
6 42 46 50 52 58 73 75 81 85 92 108 127 131 154 164 174 189 197 210 224 228 238 245 247 249 259 274 298 342 
7 
8 
9 
10 7 21 30 34 46 75 106 108 129 143 147 189 212 216 224 269 274 276 348 
11 
12 
13 3 13 25 52 56 77 83 89 118 131 137 141 181 195 203 218 232 236 247 261 265 276 288 290 298 303 321 336 340 
14 
15 7 11 34 54 61 73 77 79 92 110 143 150 152 164 272 303 305 319 321 325 332 336 340 346 348 350 
16 9 13 17 44 75 85 100 110 143 149 162 166 195 209 212 236 255 257 269 278 286 288 292 294 309 313 319 340 346 350 352 
17 
18 
19 
20 
21 
22 
23 
24 
25 
26 
27 
28 
29 
30 
31 
32 27 29 32 38 40 42 56 61 114 118 143 150 170 174 185 189 222 224 232 238 259 261 263 272 278 288 303 309 315 317 327 329 332 
33 
34 
35 
36 1 5 7 15 23 34 46 63 67 77 81 110 121 139 147 154 158 178 191 195 209 234 259 342 344 358 
37 3 15 29 32 36 44 73 75 81 83 94 100 108 133 135 162 164 168 174 178 181 197 210 245 263 265 280 296 298 319 334 336 340 346 356 
38 
39 
40 17 23 30 48 71 73 75 92 108 125 141 162 191 199 203 209 210 253 276 317 332 342 352 354 358 
41 
42 
43 
44 
45 
46 
47 
48 
49 
50 23 25 32 46 54 58 69 71 90 98 106 137 143 149 172 183 195 201 216 228 241 263 270 278 282 305 317 321 327 340 352 
51 
52 
53 
54 
55 
56 
57 
58 
59 11 21 23 25 32 42 56 63 69 87 108 116 133 164 176 181 193 234 241 265 269 296 303 311 336 356 
60 3 5 13 17 25 27 58 92 94 96 110 123 125 154 166 185 220 238 241 251 286 298 305 307 319 329 330 334 338 358 
61 9 30 32 42 79 85 121 137 147 150 162 166 172 174 187 193 195 214 234 241 249 263 272 286 288 294 296 298 323 338 342 356 
62 7 25 29 67 69 79 87 89 90 106 110 118 135 139 160 183 189 212 218 251 257 263 276 282 307 311 329 358 
63 
64 
65 3 7 19 38 46 71 96 110 125 154 162 178 205 220 234 267 276 298 301 309 315 323 329 332 336 342 350 
66 
67 
68 
69 
70 11 19 73 94 96 102 116 123 145 150 172 178 197 210 214 218 224 247 257 259 263 272 284 290 325 336 342 348 356 
71 
72 
73 
74 
75 1 17 25 29 52 61 67 83 90 100 102 118 127 133 141 156 162 168 172 187 197 218 230 236 245 255 286 288 313 323 329 332 336 350 354 358 
76 3 17 25 29 44 73 98 106 108 114 127 131 141 174 185 201 216 220 238 249 251 259 270 278 288 323 325 334 336 342 350 354 
77 
78 
79 3 85 89 94 100 102 125 168 181 183 187 199 228 307 317 330 338 348 352 
80 15 21 30 34 40 44 58 90 114 127 170 178 191 197 212 216 218 222 236 247 253 269 270 280 284 294 296 317 338 340 354 
81 
82 
83 
84 
85 
86 
87 
88 
89 11 30 65 67 77 81 90 160 178 183 187 199 209 212 224 236 255 267 276 286 301 321 327 330 352 
90 17 67 83 89 108 110 125 129 145 147 150 162 168 172 181 183 193 199 232 255 257 311 334 336 346 354 356 
91 
92 
93 
94 
95 19 69 90 94 102 104 106 118 147 152 160 172 191 210 214 220 224 226 232 243 255 257 282 286 303 315 342 
96 
97 5 11 19 50 52 63 73 75 110 116 145 150 160 162 168 178 181 207 218 241 243 245 249 263 282 286 294 298 303 329 334 346 352 356 358 
98 7 11 15 25 38 67 77 83 89 98 104 125 129 137 141 170 185 187 193 226 243 259 261 263 269 270 301 313 315 342 344 354 358 
99 
100 
101 
102 1 15 17 38 77 87 112 118 125 150 164 174 191 201 218 228 241 247 270 313 332 344 350 354 
103 17 19 40 52 69 81 98 123 129 143 156 164 166 201 241 249 265 286 288 294 313 323 
104 
105 
106 
107 
108 
109 
110 1 32 46 50 56 65 73 87 90 123 125 129 133 149 152 156 187 199 207 243 251 267 276 346 356 
111 
112 
113 
114 17 27 52 85 121 127 129 150 156 158 162 172 197 216 222 274 276 311 327 340 
115 
116 
117 
118 
119 
120 
121 
122 25 38 40 46 69 73 96 102 129 133 139 145 149 152 162 164 178 187 214 224 253 282 288 325 342 346 
123 
124 
125 
126 
127 
128 
129 3 5 21 34 52 61 98 106 127 154 160 205 207 214 238 243 253 280 317 321 325 330 334 352 
130 
131 
132 
133 
134 15 29 54 58 71 77 83 85 102 108 118 129 135 160 164 168 170 193 197 210 226 249 265 276 278 296 298 315 327 340 
135 
136 
137 
138 
139 
140 
141 9 13 25 36 42 48 85 89 94 123 127 147 150 152 162 166 185 191 203 222 230 249 251 255 259 263 272 288 290 294 298 313 344 350 352 358 
142 
143 
144 11 23 38 40 42 52 58 63 77 83 85 90 100 118 127 170 185 187 203 224 288 301 303 305 315 350 358 
145 
146 
147 
148 
149 21 32 40 46 52 98 121 125 150 152 166 183 203 222 241 249 251 265 272 276 284 288 290 307 358 
150 
151 
152 
153 15 50 58 75 114 137 143 147 160 164 166 174 176 185 201 214 249 251 267 269 280 290 305 309 329 350 352 
154 3 9 15 27 29 34 44 54 58 61 79 83 100 102 162 189 191 205 207 214 234 236 247 255 257 288 307 309 323 
155 17 40 69 96 98 106 164 170 199 214 249 270 274 307 334 336 346 
156 1 40 48 58 61 65 85 106 108 123 209 238 243 257 261 282 286 309 313 319 321 340 352 
157 
158 
159 
160 
161 
162 
163 
164 
165 19 32 96 104 118 127 150 162 164 183 185 189 199 220 230 234 241 280 290 292 315 317 336 350 
166 1 5 9 17 25 54 69 83 90 108 137 145 152 162 205 207 209 218 228 234 247 278 280 288 296 298 307 
167 
168 7 40 54 65 77 85 89 114 123 125 129 150 168 176 181 183 203 216 218 222 224 228 257 263 278 311 325 329 340 354 358 
169 
170 
171 
172 
173 
174 
175 
176 
177 
178 19 23 34 40 42 44 52 89 102 137 149 164 166 168 181 183 201 205 220 263 269 272 284 290 292 301 315 332 340 342 344 350 358 
179 
180 17 29 34 40 46 56 67 77 94 116 162 172 174 183 195 197 222 230 234 255 257 265 272 284 286 288 294 307 321 323 334 
181 7 11 25 38 44 46 48 63 102 108 147 156 160 174 195 199 212 220 243 253 261 269 270 296 298 319 340 350 
182 
183 
184 9 29 44 54 77 83 89 96 102 141 164 178 181 189 193 218 236 253 267 274 278 307 309 323 338 344 350 352 
185 
186 3 9 13 34 58 69 85 94 129 139 147 164 168 178 209 216 218 238 255 257 294 301 354 
187 
188 
189 
190 
191 
192 
193 
194 30 36 73 98 106 108 114 147 168 174 178 203 222 243 249 265 267 269 278 294 303 323 334 344 350 358 
195 13 29 48 50 56 67 71 81 83 85 94 102 137 150 168 183 195 197 205 214 222 236 238 259 263 270 274 290 305 311 319 334 342 348 
196 
197 
198 9 11 36 48 75 104 108 112 118 137 139 145 160 187 226 234 267 288 292 307 329 340 342 346 354 356 
199 
200 
201 
202 
203 
204 
205 
206 11 27 32 38 67 71 79 118 121 123 125 127 137 143 152 172 176 199 203 222 224 241 253 257 259 270 272 274 290 
207 17 30 46 52 77 83 110 114 116 127 129 133 164 191 201 212 216 226 232 243 253 265 294 305 307 338 340 350 352 
208 11 17 23 44 85 94 108 116 131 168 212 220 245 255 272 278 301 305 309 311 315 358 
209 
210 1 11 13 17 34 42 61 67 75 87 98 152 160 170 205 230 276 282 290 294 305 325 350 
211 
212 
213 
214 
215 
216 
217 
218 
219 
220 
221 
222 
223 
224 
225 
226 
227 
228 
229 
230 
231 
232 1 17 36 44 48 52 54 61 65 77 83 89 90 98 118 121 123 137 145 147 156 174 176 183 187 189 199 222 224 228 253 265 269 288 298 301 307 311 313 334 338 348 352 
233 
234 
235 
236 
237 
238 
239 
240 7 9 23 36 67 75 83 92 94 98 102 131 135 152 156 166 205 224 228 241 243 255 274 276 290 307 323 327 330 338 340 342 
241 
242 
243 
244 
245 7 11 21 27 48 52 79 85 94 98 104 123 145 147 150 168 193 195 203 205 230 241 243 259 292 294 303 309 317 325 348 356 358 
246 
247 
248 
249 3 13 17 52 79 87 118 137 145 172 185 197 199 203 212 255 278 282 286 294 301 311 344 356 
250 3 9 36 67 71 85 89 98 104 116 150 174 191 197 199 230 265 276 278 282 319 323 329 332 350 358 
251 15 17 21 32 52 73 81 112 116 127 162 195 197 199 247 278 292 305 309 313 315 329 334 354 358 
252 
253 17 30 36 46 48 67 73 96 98 108 123 127 133 152 160 164 168 172 176 185 199 222 226 241 243 247 255 265 272 282 286 290 301 313 327 329 
254 
255 
256 
257 
258 
259 
260 
261 
262 
263 
264 29 30 50 92 100 110 116 145 150 152 164 178 193 212 222 230 236 238 257 265 269 286 332 334 358 
265 
266 
267 13 19 25 42 56 63 65 69 73 131 133 156 164 178 201 228 230 236 245 247 259 276 280 288 290 301 307 319 321 344 
268 
269 
270 
271 
272 
273 7 13 27 29 32 46 56 61 77 81 96 98 112 137 147 149 150 187 197 201 238 243 247 280 282 288 321 323 332 348 
274 40 44 65 81 108 114 127 129 139 143 145 162 216 226 230 249 269 290 292 307 313 332 352 
275 
276 17 30 32 38 116 129 133 147 187 189 201 214 218 232 259 261 269 296 313 319 342 
277 
278 
279 
280 
281 
282 
283 7 13 15 19 25 29 48 54 65 85 89 94 131 133 137 143 183 195 197 209 214 220 269 274 298 303 313 317 336 348 358 
284 11 15 25 50 81 83 89 94 108 114 118 123 150 164 178 224 230 232 241 251 253 265 274 296 315 342 350 
285 
286 5 17 21 29 38 44 52 79 85 100 123 125 135 150 160 174 185 195 197 212 222 251 255 261 263 265 267 280 319 327 330 342 350 358 
287 
288 7 21 36 73 94 100 112 127 156 168 178 205 209 212 222 224 251 259 274 296 303 315 319 354 
289 
290 
291 
292 11 13 15 32 34 50 81 90 92 98 118 137 143 158 162 166 193 199 207 214 216 230 247 272 288 313 323 329 334 338 342 
293 7 15 32 46 65 75 90 94 100 102 121 133 145 154 166 172 174 178 189 199 245 249 303 305 311 315 327 340 344 348 356 
294 
295 
296 30 44 54 67 83 90 108 121 166 172 183 185 212 253 255 259 261 270 286 292 319 321 354 356 358 
297 
298 
299 
300 
301 3 9 19 25 36 40 69 75 87 96 143 152 158 168 189 199 201 230 243 259 325 329 336 338 350 354 
302 40 65 96 102 127 129 162 170 185 214 216 222 232 249 259 269 286 288 290 294 305 311 321 342 348 
303 52 58 85 94 104 106 110 112 133 135 168 195 209 212 216 243 247 272 282 303 305 311 332 334 336 338 
304 1 3 7 38 42 65 67 79 81 92 94 106 135 172 189 201 243 261 269 305 325 327 329 340 
305 5 48 98 108 123 129 135 160 166 207 216 222 238 253 274 290 294 301 307 319 327 348 356 
306 
307 
308 
309 17 34 71 94 108 166 176 181 185 228 232 234 243 249 251 255 257 272 296 303 307 315 330 344 346 348 
310 
311 
312 
313 
314 
315 19 21 38 54 94 96 98 112 118 127 135 141 149 183 201 212 224 238 253 259 261 263 267 303 307 315 321 329 340 356 
316 
317 
318 9 21 25 63 92 94 104 106 129 137 147 158 189 191 220 245 253 342 
319 
320 
321 
322 11 23 52 54 61 89 94 98 121 154 156 166 178 185 224 226 238 243 245 263 267 290 329 358 
323 
324 3 9 15 21 38 50 56 71 77 79 90 100 116 118 129 131 133 154 191 197 222 249 292 298 305 323 356 358 
325 9 11 40 65 81 87 90 129 133 158 162 181 209 210 269 286 292 296 307 346 356 
326 
327 
328 7 13 15 21 29 34 81 87 96 104 106 174 201 205 210 220 222 234 247 253 259 280 305 309 311 315 332 336 338 342 
329 
330 
331 
332 
333 
334 
335 3 30 34 46 69 71 73 75 77 89 100 112 137 158 166 216 218 267 286 307 329 330 332 346 348 356 
336 
337 
338 
339 5 23 27 38 48 52 65 69 87 89 100 116 123 129 133 135 141 154 158 164 168 170 176 183 193 195 209 212 224 247 265 269 280 296 315 323 336 342 344 350 
340 
341 
342 44 81 90 92 102 104 108 154 162 164 166 199 205 207 209 218 241 257 282 286 288 290 307 317 319 332 352 
343 
344 
345 
346 
347 
348 
349 
350 
351 
352 
353 7 17 25 29 40 56 75 89 112 135 147 209 218 226 236 269 276 284 311 321 330 344 
354 
355 3 9 29 69 77 79 110 143 149 160 168 172 185 199 212 220 230 243 245 272 278 301 305 
356 
357 
358 
359 
360 
361 9 36 73 92 104 118 123 152 176 265 267 269 323 340 346 352 
362 
363 
364 
365 
366 
367 9 19 63 87 89 112 121 135 154 197 201 212 230 232 249 261 263 272 321 325 330 
368 
369 1 36 52 69 89 90 114 121 133 135 141 170 172 176 183 189 199 203 207 222 226 243 245 249 259 269 303 309 319 332 344 
370 
371 19 38 50 63 85 98 158 164 197 201 214 216 220 230 259 269 272 276 288 298 305 311 321 329 356 
372 
373 
374 11 13 27 36 38 46 65 71 81 94 100 112 118 131 137 145 149 164 172 176 195 201 205 212 245 247 253 257 307 313 336 354 
375 
376 1 7 15 23 32 50 71 104 118 135 139 147 170 178 197 199 203 259 274 276 311 325 332 350 
377 
378 
379 
380 
381 
382 
383 
384 
385 
386 3 13 19 21 34 42 46 50 65 67 121 143 145 156 193 212 220 226 234 253 259 261 274 282 284 296 311 334 354 358 
387 
388 
389 
390 1 11 32 36 38 52 56 67 83 85 89 102 121 152 160 170 189 207 214 220 261 265 284 286 301 321 342 348 
391 
392 3 11 19 34 46 71 94 106 147 150 178 191 197 207 216 222 243 247 255 278 303 305 321 329 350 
393 5 9 29 34 40 63 79 98 100 116 156 158 193 216 224 261 263 301 309 311 317 325 329 340 
394 
395 
396 
397 
398 
399 
400 1 7 9 17 50 94 96 131 139 152 170 185 199 203 207 220 247 259 263 296 313 352 354 
401 
402 
403 
404 
405 7 13 21 32 44 75 92 112 114 137 145 174 205 207 212 216 220 230 249 251 282 290 344 352 
406 
407 
408 
409 1 3 11 21 58 77 89 92 104 118 125 133 154 158 164 178 218 222 224 238 241 257 284 305 309 313 330 332 348 
410 
411 
412 1 3 7 13 19 38 40 79 92 94 96 108 112 114 118 121 205 210 212 218 220 238 282 298 329 348 358 
413 
414 19 27 36 46 54 61 67 81 85 92 129 135 150 156 174 216 251 288 319 323 327 338 344 350 
415 25 69 87 89 90 92 98 104 110 125 141 145 150 156 193 218 224 230 245 247 255 263 269 278 305 319 332 338 342 
416 
417 
418 
419 
420 
421 
422 
423 
424 
425 
426 
427 11 29 42 48 50 52 61 69 79 87 118 145 150 162 195 247 276 290 292 301 311 323 336 342 350 352 
428 9 36 44 46 50 52 54 71 77 85 87 96 131 139 145 152 156 185 205 207 222 247 263 265 272 276 338 354 358 
429 
430 
431 
432 
433 
434 
435 9 15 27 46 81 90 104 121 131 145 149 150 164 181 183 201 220 232 241 261 272 274 278 286 288 292 303 315 
436 
437 
438 
439 
440 
441 17 19 42 44 56 61 79 85 96 108 121 139 152 168 193 195 207 214 224 230 236 238 241 259 265 288 319 338 
442 
443 
444 9 38 46 87 133 145 147 164 170 172 174 185 189 195 209 210 212 234 241 245 257 261 272 276 317 334 346 354 356 
445 
446 
447 19 25 42 46 69 71 85 89 94 127 131 139 143 150 174 176 187 199 214 216 218 228 269 270 286 292 307 315 319 327 334 338 342 346 
448 9 21 29 34 50 73 79 89 100 129 152 154 166 251 270 276 284 298 307 311 
449 
450 
451 
452 
453 
454 
455 
456 
457 1 9 15 21 29 34 36 48 63 106 123 129 149 150 164 214 230 234 243 249 261 276 278 307 319 330 336 356 
458 
459 
460 
461 
462 
463 
464 
465 
466 
467 
468 
469 
470 
471 1 3 13 17 21 23 44 71 75 108 110 112 131 135 143 147 158 168 174 197 241 267 272 298 305 311 317 356 
472 
473 
474 
475 
476 
477 
478 
479 
480 
481 
482 
483 
484 
485 7 44 56 108 145 185 189 199 201 210 234 249 257 270 292 296 338 350 352 
486 
487 
488 11 19 23 25 29 63 71 83 121 125 141 145 150 158 162 185 193 214 216 222 224 230 232 243 259 265 274 294 303 311 317 
489 52 54 58 73 79 85 92 94 100 112 129 131 172 181 189 201 224 253 257 278 286 327 350 358 
490 
491 
492 
493 
494 1 13 50 56 61 85 100 129 137 158 174 176 181 185 191 205 209 220 228 238 245 253 255 259 269 274 276 280 290 294 298 301 329 330 344 
495 
496 
497 17 21 42 44 50 90 92 108 112 131 139 143 162 168 170 172 176 183 195 203 207 209 220 222 224 243 267 274 276 278 284 288 307 334 340 352 
498 
499 
500 3 11 25 29 52 63 65 75 98 100 127 139 147 154 156 160 176 236 245 253 269 280 301 309 315 317 342 344 348 
501 11 15 19 25 32 36 52 69 79 83 104 106 112 121 123 131 133 135 181 201 209 220 230 232 249 255 257 259 270 284 290 329 332 350 
502 
503 
504 
505 
506 
507 
508 48 52 89 110 112 118 129 141 149 154 160 168 172 185 189 220 226 228 253 259 270 305 307 315 327 336 348 354 358 
509 
510 
511 
512 
513 
514 
515 
516 19 46 65 90 108 143 145 156 172 193 201 210 218 230 241 247 272 298 321 327 338 346 
517 3 7 23 61 63 69 121 131 139 141 152 156 181 203 209 224 238 249 276 284 301 325 327 340 352 356 
518 
519 
520 
521 
522 
523 11 25 48 63 67 79 85 96 106 108 112 135 154 158 166 168 170 178 183 195 220 232 234 245 255 292 296 298 321 325 327 334 352 
524 
525 
526 9 30 61 75 90 100 106 116 118 127 147 149 176 181 195 197 218 224 232 236 257 261 263 298 332 
527 
528 
529 5 65 79 133 209 210 214 216 230 245 247 249 253 286 292 309 329 330 338 
530 
531 
532 
533 25 44 56 61 71 98 108 110 118 123 160 183 187 191 193 209 232 249 259 288 294 298 303 311 325 
534 
535 
536 
537 
538 
539 
540 
541 
542 5 11 21 27 29 34 52 56 65 79 98 114 129 131 135 139 145 147 162 170 199 234 238 270 272 294 311 332 352 356 
543 
544 
545 
546 15 21 29 36 42 48 67 85 104 110 166 174 193 195 199 214 253 274 292 301 311 329 352 356 
547 1 13 48 50 73 87 89 106 125 162 174 228 257 263 276 282 292 307 323 330 358 
548 
549 9 23 25 27 38 46 65 92 96 100 131 139 168 170 181 195 238 267 274 301 313 317 321 329 338 340 346 358 
550 
551 
552 
553 
554 
555 9 11 77 87 104 108 112 125 139 141 145 160 185 189 243 278 284 292 294 298 303 323 327 334 342 344 348 350 
556 
557 
558 
559 
560 
561 
562 5 27 54 58 67 73 96 98 102 106 110 116 121 133 154 174 195 197 207 209 232 251 255 307 319 321 323 346 350 
563 
564 
565 
566 
567 
568 
569 
570 
571 9 23 34 44 52 56 65 81 87 89 98 114 127 129 170 183 187 189 191 207 226 230 257 261 274 276 294 296 307 311 332 334 338 346 352 354 
572 1 13 48 50 63 69 98 100 114 118 147 149 168 236 255 257 259 280 330 334 342 
573 
574 
575 
576 7 29 30 42 52 67 83 89 114 118 121 127 129 131 143 150 158 170 203 220 257 259 301 317 323 327 336 344 348 358 
577 13 15 17 30 42 44 61 63 69 73 83 85 98 112 127 137 150 166 174 181 185 210 216 274 296 315 317 325 
578 
579 
580 
581 
582 
583 
584 
585 15 25 27 34 44 46 67 81 85 94 108 118 125 149 150 158 181 187 193 201 209 216 220 232 234 243 247 249 267 296 323 
586 
587 
588 
589 
590 
591 3 15 25 44 52 56 58 61 77 94 110 114 121 127 143 164 166 183 203 205 214 216 220 241 247 267 269 274 278 294 303 
592 21 44 69 77 79 81 85 87 92 96 106 112 127 141 149 152 154 172 185 210 224 230 232 251 253 257 270 280 296 298 305 309 329 340 354 
593 
594 
595 
596 
597 
598 
599 9 11 38 52 58 106 110 116 162 164 181 187 189 216 232 234 241 270 276 278 296 311 315 319 321 327 336 358 
600 1 5 9 11 15 44 129 147 156 166 176 185 203 209 210 230 238 249 263 267 270 272 282 301 313 327 330 338 346 356 
601 
602 
603 
604 
605 
606 
607 13 27 32 34 40 58 73 77 81 87 92 104 108 137 145 147 149 172 176 209 214 216 232 263 265 288 301 332 344 350 352 
608 1 3 38 40 52 56 58 69 75 81 87 89 92 102 108 123 125 131 139 149 156 160 162 170 189 199 201 245 259 276 280 282 288 296 309 323 354 356 
609 
610 
611 
612 
613 5 15 17 25 27 29 34 40 50 61 73 83 85 112 118 121 139 143 150 160 168 174 193 195 222 224 230 257 263 270 286 288 303 307 309 317 323 329 356 
614 5 69 73 85 92 98 139 156 197 205 212 216 238 241 255 261 280 301 317 332 348 356 
615 
616 
617 1 25 29 32 42 44 46 75 79 83 98 100 106 127 145 170 178 203 209 218 238 255 261 270 272 276 296 303 321 334 338 346 348 350 352 
618 
619 17 19 21 34 38 79 81 106 108 121 150 156 166 176 189 195 205 218 222 230 249 255 267 276 282 303 309 313 325 340 342 346 348 
620 
621 1 5 23 44 61 63 69 81 87 92 123 125 127 145 172 187 197 209 220 230 238 261 269 274 276 280 284 307 325 327 336 340 342 344 352 
622 
623 7 23 25 32 38 40 75 106 127 131 137 139 141 193 195 199 201 216 228 253 272 290 313 330 332 338 
624 
625 
626 
627 
628 
629 
630 
631 
632 
633 
634 44 50 52 77 81 92 112 125 143 154 189 197 201 205 209 224 247 255 267 269 272 278 317 321 344 350 
635 
636 
637 
638 5 23 34 44 50 65 67 69 79 81 98 102 108 123 129 137 166 172 174 178 195 197 199 205 207 222 265 267 294 317 319 332 334 338 342 344 346 
639 
640 
641 
642 
643 
644 
645 
646 1 9 27 44 52 54 61 92 102 164 168 172 181 205 209 210 214 222 234 236 251 274 280 348 
647 
648 1 17 21 23 27 44 65 67 89 90 110 129 139 147 162 170 193 197 199 216 218 220 241 251 259 305 315 319 330 
649 1 5 9 15 23 34 67 87 92 102 106 129 133 139 141 149 150 156 162 189 199 218 253 255 276 294 313 317 356 
650 21 40 50 56 83 92 106 118 127 145 147 152 158 166 168 191 195 203 212 220 232 236 241 255 265 270 282 290 298 301 303 307 319 329 350 
651 
652 
653 
654 
655 1 17 19 29 38 48 61 67 75 90 127 135 156 164 172 201 205 212 214 222 224 249 303 305 307 319 334 354 
656 
657 3 5 58 73 104 116 149 164 170 183 230 243 253 311 327 344 346 348 352 
658 32 61 75 90 96 116 131 145 174 176 185 210 218 228 230 236 238 272 286 290 311 317 338 354 356 
659 
660 
661 19 21 56 108 133 135 185 195 201 216 226 236 243 249 253 290 307 317 330 356 
662 1 17 21 23 42 54 79 96 110 112 116 118 127 133 147 152 164 183 185 210 253 259 284 307 311 330 332 340 348 354 
663 9 25 32 42 58 69 71 77 85 108 112 133 152 164 176 185 187 189 193 278 315 334 344 350 
664 
665 
666 
667 
668 
669 
670 
671 
672 
673 13 19 23 34 40 56 83 104 110 127 135 137 143 150 154 166 185 205 207 209 216 232 241 267 272 274 276 301 307 325 327 332 346 358 
674 3 11 23 29 34 48 71 81 96 104 108 110 125 135 145 154 156 162 166 172 189 197 201 205 226 253 257 350 
675 
676 
677 11 17 19 27 42 48 50 56 65 77 102 129 133 135 137 145 164 172 181 185 191 214 216 243 251 259 301 317 330 348 350 
678 
679 21 27 83 90 98 108 110 170 224 267 290 298 313 348 
680 
681 
682 
683 
684 
685 
686 
687 
688 
689 
690 
691 5 9 11 19 34 40 46 100 118 143 183 205 210 220 226 230 232 236 255 261 265 270 280 294 309 346 
692 29 38 40 77 87 129 158 162 164 205 209 253 269 278 311 319 
693 
694 7 9 19 21 54 56 83 96 104 129 131 149 152 162 166 176 195 216 230 257 261 265 267 269 282 294 301 303 307 309 336 350 
695 
696 
697 
698 
699 
700 
701 
702 9 17 52 69 75 87 114 116 121 125 170 172 176 199 212 230 261 265 276 280 309 325 334 350 352 
703 3 23 48 85 112 116 172 187 209 214 230 251 269 303 313 329 330 334 354 358 
704 
705 1 17 50 54 61 79 92 102 135 149 154 160 162 183 195 214 234 251 296 342 346 
706 
707 
708 
709 
710 
711 
712 
713 
714 1 23 25 32 40 67 85 108 123 166 176 189 191 197 210 212 228 238 243 245 247 278 319 346 350 
715 
716 
717 
718 
719 19 32 34 61 87 89 98 100 102 118 129 150 166 172 176 207 212 226 243 257 259 263 274 305 307 317 319 321 323 
720 3 15 21 25 29 32 54 83 106 114 127 129 149 154 156 170 174 193 201 210 224 230 236 241 292 296 315 327 334 344 352 
721 
722 
723 
724 
725 7 11 25 36 48 79 98 112 116 145 156 160 181 189 207 210 212 226 232 236 249 263 278 303 313 321 356 358 
726 
727 
728 
729 11 13 79 87 90 100 106 112 127 133 137 143 158 164 172 183 185 191 257 274 278 323 
